5000 5000
10000
3264 9617
1181 9876
1593 7589
3267 8632
1211 5950
2405 5660
491 6003
933 9092
3332 6493
1153 7469
2214 8258
4569 7826
260 9955
1839 9881
605 7382
3852 6428
3013 9832
1177 9782
4435 5877
958 5766
1628 6109
4946 6302
1617 8901
128 7326
3863 5462
2930 9179
2749 9430
3046 9030
1900 5645
550 8392
3306 8269
2155 7913
2630 9623
3168 8598
3812 7004
4001 5257
277 6930
3023 7963
1280 6948
2640 9004
4926 5413
1889 5097
4181 7743
4354 5395
4769 6847
2907 9399
162 8180
580 7332
4956 5750
4086 8791
3758 7409
4086 8186
1551 8429
2860 9884
3719 5805
3889 9387
2406 9567
3630 9051
1728 7397
2802 8608
2887 7351
2883 7140
4546 6481
1895 6549
450 8714
1081 6331
3041 6058
2495 6636
316 6400
230 5976
4091 9349
1361 6747
2506 5458
3391 8681
107 6226
2205 7873
672 8675
2921 6023
3528 6353
1344 8264
655 5136
2197 6899
714 5579
2543 6939
2793 6101
1287 7354
2433 8489
595 5628
3781 6081
2965 7586
297 7726
2982 8541
1395 5413
2848 6805
2850 9509
1762 6148
2068 8538
3947 8112
551 7761
2103 7703
3538 7202
3003 8023
4861 8341
947 6480
918 6283
4861 8346
3360 6257
3583 5051
4798 5860
1275 8291
2309 6032
2023 6554
4614 5033
3410 7588
1294 9949
4130 9982
2372 7641
2727 7121
3798 8138
464 9974
3295 5502
4730 8550
131 7451
4348 9782
47 5980
405 5315
238 9290
3603 9132
3722 7110
736 8355
3093 5180
701 9400
4008 7802
1306 7387
2336 8151
517 8540
859 6474
3782 5072
4105 8152
4686 9812
3124 5933
1717 7648
204 7109
877 7487
3044 7491
346 6054
535 6099
3645 9214
3488 5955
3769 8972
2339 8121
978 9860
4135 6123
3025 9708
3950 5295
301 8265
124 7182
3496 7974
320 9143
227 8769
4174 6673
3971 7492
718 5296
2833 9563
2678 9442
4278 8613
2148 5611
1480 6403
2409 9452
256 5041
2045 8391
4715 8327
2308 6955
1391 8827
3704 9633
1047 5827
2341 8297
570 5395
3375 5813
864 6996
1566 8440
700 9797
710 6796
1764 7416
4856 9601
4049 8840
10 5636
2853 7259
3081 7538
2137 7290
4948 8757
903 5257
914 6828
2978 6476
4882 8035
2080 8029
920 9009
585 8218
3349 7087
3739 5726
24 9663
3853 8358
1295 5387
58 8309
207 7785
16 6486
1035 7377
799 9048
704 9187
3835 7718
2806 8960
4148 6305
1774 9691
756 5109
1687 6344
1787 7968
471 9269
708 7548
2966 9914
3975 9632
2577 9669
6 7739
2625 5280
3750 9510
345 5771
4175 5384
3661 6396
4555 7112
2089 6743
360 8720
387 6474
1247 6659
242 6826
939 7885
1014 7976
488 5762
2970 7995
542 6308
3134 5659
586 6994
2389 9752
3095 9201
1475 5830
3979 6789
1029 7232
3942 8360
2969 9783
335 7320
1994 5983
1779 5699
1520 6679
1119 8738
3352 6606
2507 5292
320 9072
2922 5678
892 5607
4991 5355
2259 9524
67 6749
4337 5991
2226 8366
3444 8814
1806 9165
3561 5920
3639 7076
599 7962
940 8114
1227 6860
840 7495
3319 5427
1531 9089
2045 5463
302 7413
3528 7406
902 5324
4980 7613
4277 8283
4381 7499
1409 5066
2865 8316
549 7599
733 6741
1549 8913
2626 8352
3377 6968
371 9293
3670 6395
2076 6112
2643 7186
1922 6543
415 9609
987 6593
3517 6676
829 6433
2944 6293
2028 9313
4949 6482
1047 7730
4755 8528
1366 7233
4944 7614
3052 8426
4104 8457
4105 6571
510 6170
2594 6097
4775 8366
3339 9505
1747 7998
595 7864
4430 6377
271 8301
3173 7580
4993 9166
2151 9254
3113 9780
1552 5498
3120 9442
3651 5362
1096 6848
3997 5765
4012 6222
827 8015
281 9685
2497 9622
2569 9348
492 8136
1330 5862
2724 6012
3923 9686
4151 9642
2525 8053
3474 6102
4926 5957
2871 8957
4959 9383
288 9387
3646 8407
1582 9283
2609 6470
3073 8664
1123 5086
655 6123
2195 5162
2922 8459
3904 6056
1084 8669
3941 5175
305 7153
490 7471
1217 5311
2081 5438
188 6068
4684 9305
653 8886
483 6329
1723 8370
4010 6492
3495 8618
3205 5162
3821 6995
691 8752
2886 5259
4702 7799
4647 8725
4820 9585
4505 8533
3591 8083
4434 5854
4951 8639
2638 9011
3920 8505
2725 8120
2214 6016
1467 8716
4698 9849
4506 8419
4007 7557
2796 5044
955 6669
447 5246
4896 7612
4221 7124
4516 8903
1960 9561
1949 6742
4359 6689
3109 9391
2381 9425
2748 5062
3150 5962
3469 9536
4259 9696
3094 5641
182 5425
737 5600
3365 5700
3744 9533
2942 6418
3828 8470
1336 7302
2475 8798
2079 8580
2902 5007
1059 7221
2825 8491
2811 5199
3268 7739
3693 5202
3592 6655
1104 5800
4219 9681
3283 7798
2551 6774
361 9821
2280 9691
2568 8780
3200 6982
3105 7851
4014 7408
4758 8075
2907 7364
551 8359
412 8953
797 8365
874 8294
2089 7763
4619 7368
825 6353
1809 8249
4720 9316
1624 7668
1644 9219
2087 9686
585 9651
3892 7753
1895 7698
3771 6675
4397 6653
2190 8559
1624 9959
4496 6475
3226 9510
3513 7430
1014 5374
1242 9839
3723 8109
2894 9807
3867 6337
3161 6749
30 5370
2817 9038
1968 6125
585 9852
2306 9541
1496 9164
2501 8626
1580 9010
2933 8221
3077 7199
417 8932
2125 7108
1933 8528
1394 6831
4817 5349
4680 10000
1955 9149
3812 9213
4490 9802
974 9369
2059 6255
2827 7912
4629 7414
2464 6649
3450 8795
505 9766
2999 7334
4386 5600
2642 9481
2596 5416
609 9056
1841 5261
3634 5001
1606 7361
4976 9539
4412 8097
2641 5026
4810 5163
4399 8163
3107 6948
4518 8353
2695 9743
1019 8266
136 5081
1210 6155
1565 7812
1983 6260
3294 9109
822 5929
2970 8834
21 7798
4988 9481
1948 5020
1990 7393
96 8366
446 9523
56 5367
1206 9904
1904 7673
2277 8722
4879 5781
4549 5854
6 8046
4085 7831
4384 9441
2588 9852
967 5115
3744 5075
2957 5719
1081 8622
96 6345
1908 5372
3520 8420
3698 8379
2104 8328
3300 9988
4940 6657
2282 6932
4418 9130
1041 7136
4213 7645
1293 7415
2688 5318
795 6339
4127 7990
2241 8390
3540 5436
932 5211
1117 9571
568 9967
2006 7788
348 9375
4492 6026
4668 9003
2962 7966
1776 9226
3364 8720
1164 5195
87 5192
4150 5809
4856 7188
2006 9027
1150 5147
1012 8314
325 6372
4217 7971
1324 8019
719 9001
1044 9420
3203 7177
3106 9434
4127 9084
3388 7598
3673 5374
1092 8068
3581 9644
896 7176
477 7030
4495 5045
23 6734
2731 7649
1747 6604
3484 7434
4774 5507
2250 6210
1207 7105
3870 8330
1220 7923
2502 9186
4701 5757
611 8009
3940 7967
1124 6886
48 7392
4097 5619
2846 5956
2763 5147
3602 9986
662 6999
4270 5895
412 9690
4008 7285
3185 8860
169 8568
2640 9543
4193 9512
4481 5707
199 6711
1404 5945
2947 7221
359 6881
954 8206
2792 5163
2627 9771
1386 5408
4962 7111
2388 5853
328 7203
4435 5742
4725 7641
2031 5143
1881 6309
3868 9185
543 8717
1969 5194
777 6794
2470 6729
817 6299
1858 8256
981 8069
4858 5751
3644 6677
1672 5471
2273 6961
2357 6327
694 7775
1208 5832
1073 5217
4302 9088
2544 9956
4132 5254
4011 5115
3722 6078
2869 5857
3708 7593
3114 6270
1119 9645
4569 9803
2257 9674
301 5700
1827 6747
3684 9577
2763 6047
3237 9278
3789 9335
2720 9253
3424 7520
3428 7272
421 5011
3777 7953
3548 5326
3541 7334
2994 6140
3226 9280
3778 6618
2476 8162
2849 5226
2585 8880
2987 9426
2437 5782
1563 8220
199 8739
3946 9120
1605 5095
3519 7514
4247 9219
1361 5557
2347 9823
4266 6471
4175 8309
206 5511
2061 5820
1737 7357
3718 8409
412 7827
1976 6067
3007 7378
797 6139
3260 8184
27 5835
3624 5864
1973 6572
3159 8562
2638 7025
1785 6231
4809 8894
1548 5357
2123 5652
1064 5243
2498 9450
4173 8667
147 7839
1043 8476
151 8345
4138 6070
3200 6524
4705 6389
4661 8938
1366 6594
310 8483
1090 5185
4575 7691
1882 5886
4733 9731
4131 9318
1122 6044
708 6377
4327 5845
1862 9473
988 7596
1582 7526
4367 7877
4067 8178
4147 5993
4018 6533
2892 5558
2679 6510
3972 7413
2258 6161
3249 8009
1860 5477
1097 6105
1774 9014
323 9008
692 5377
4073 5242
4852 5875
2397 6425
1974 9162
1317 9141
39 6480
220 8106
4713 9506
2596 7418
1511 8614
3956 9181
2899 7970
2377 7449
3590 6994
3559 7971
1355 6204
2402 9680
357 6447
2529 9020
3264 7293
997 7212
1176 7300
1752 6635
2020 6504
4522 7996
4642 6779
1391 5163
3206 8366
3643 7534
3460 5659
1373 6920
2593 6807
2186 6092
2296 8720
3842 6333
2766 7513
1485 6876
2330 7047
3143 8449
2936 9090
2298 7358
4912 9330
301 5213
4910 6003
597 6667
453 7864
853 8229
2429 8191
3815 7431
497 7093
2524 7858
4741 8630
3306 5690
4211 6226
1001 7311
154 7026
4811 6842
4041 6323
1265 6280
2417 7059
4948 9390
2059 9940
4668 6380
2132 5854
3297 5250
880 5286
217 8421
2977 7758
4206 8311
4566 9407
3730 7241
4476 6162
2523 9055
3559 5697
4541 9762
41 5766
2065 6026
2197 6975
2039 6066
45 7709
3270 9747
1716 6252
1483 8638
3591 6628
1512 7263
1709 7174
779 9556
2139 5002
2510 8499
2607 6668
3401 9055
1315 6911
621 9571
1444 9076
4315 6589
2989 5822
404 5143
1695 5028
4598 9649
2125 5069
2464 6935
1442 6615
3914 9654
3767 8948
2723 6207
79 6762
4638 9485
2423 8796
4883 6299
2469 8293
3516 5774
430 6129
3415 9775
606 9282
1942 9617
2810 8791
1682 7426
1344 8265
1881 9157
2280 8978
3274 8750
2688 5259
1177 9525
1721 5212
2830 5978
1748 8277
2020 5120
3015 5998
3944 7556
2456 5107
2071 5123
113 5963
1533 6539
3017 9170
4760 6141
913 8304
1142 5624
2700 7042
4049 6276
1939 6420
2095 8000
3980 6765
4104 8359
579 8481
864 6048
2480 5497
986 7354
2748 9375
2700 8461
281 7202
1067 7035
3400 5338
1878 9788
1647 9775
2321 6928
3837 9833
4283 8563
2733 5685
3739 9427
55 6333
2887 7022
3153 6544
4240 5255
2653 6430
2637 5760
2679 8383
4633 5783
956 6082
1071 6628
1454 5505
3241 5732
402 8922
181 9431
1940 6620
4032 9090
542 6028
2407 7228
3915 6735
1427 9837
2445 7543
2784 7997
866 6433
1538 9093
4876 7270
836 5125
3310 6978
3660 9928
4991 7858
4695 8268
689 6801
604 9250
2136 8936
3832 6014
560 5382
3711 8213
2537 6088
1473 9912
1896 6132
1023 5853
1512 7012
1856 8491
1526 8036
3507 6535
2280 8747
3955 8852
1099 6253
99 9170
4065 8848
823 7402
2377 7012
937 8925
4347 8069
1509 7817
4358 7832
183 6011
1765 6791
3468 8727
632 9786
2783 6626
4500 5294
1146 9963
3528 5198
2457 8543
229 6848
2998 8436
1632 5811
18 6415
989 6880
3716 5583
1047 6218
3172 5527
1421 9203
305 8082
1306 6402
1615 6247
3729 5838
1003 6052
3126 5480
3105 6224
2574 7874
596 8118
609 9992
4474 8663
441 6563
2675 6748
1597 5204
454 8218
3464 9551
1960 5434
1148 6180
908 5081
1332 5498
2752 9104
3131 6552
2989 9011
1635 5997
407 8397
4792 9256
9 9525
1829 6908
4685 5047
3874 8718
2227 7419
4658 5699
1412 5404
71 5092
1857 9881
4335 5062
3214 5246
2107 9243
752 5657
662 8606
2508 8428
183 8498
666 5983
289 8807
3448 6705
3444 8457
1782 9621
3717 6877
1169 5978
306 8233
433 5400
2414 6897
4523 6766
57 9539
1463 8485
3101 9720
4790 6363
856 6101
2174 7788
1642 5291
4739 8692
3084 5876
109 6150
3986 6552
706 7449
3411 5188
4114 5020
2209 7631
965 8889
3183 5794
3217 7202
2310 7794
2402 7676
834 7701
183 8758
2711 8967
838 5647
4801 9663
268 9399
3805 7180
814 5141
3869 7614
2444 9094
3374 8662
3333 7955
3510 9275
4259 5266
1195 8022
3330 7743
4424 6793
4396 6936
2806 7396
4534 9760
591 6389
3841 8688
2552 7813
485 8180
3634 5969
1873 8686
4623 5290
1843 5936
4016 8265
3978 9339
2251 8632
3387 6034
2063 5814
4803 9185
4129 5308
3786 7564
4268 6905
694 7156
1947 7514
1932 6341
4222 5429
862 8117
2597 7646
4649 7267
3679 8418
2106 5716
80 9267
774 7087
3231 5507
1159 8306
4665 8486
1073 5521
1635 6375
2502 8750
3723 7907
1617 5422
2506 7365
1174 9849
1635 5625
1965 8756
2485 7025
1272 8092
1140 8082
2683 7757
876 7377
3841 7074
2337 6500
3193 5196
2401 5725
843 9153
1533 9657
648 9346
4596 8605
2630 8105
1056 6418
652 5057
596 7901
4764 8296
4486 6735
4865 9967
1812 9441
384 5913
1675 9169
249 7247
2987 8480
3550 6080
3632 8161
4522 5872
1410 5654
4749 5607
595 8662
3241 7747
1622 5899
356 6992
1235 6364
1621 9557
3972 8378
3368 5481
2108 5677
1499 7140
1475 8884
3233 7387
1778 7876
29 7349
3838 5809
3411 6546
3757 9473
17 7278
2254 7028
1926 5592
1237 9418
2058 8865
296 6267
1099 7078
2925 6646
2493 9439
529 6976
4558 9969
3527 8928
848 8638
4719 7800
1433 5930
1355 5144
600 8770
2522 6923
2326 6564
4116 8813
3544 6101
3463 9863
2595 8492
3684 7399
3045 8240
3130 5571
3311 9849
2499 6725
4368 5300
4462 7964
4022 7900
3537 6941
4783 5969
4314 5395
934 8209
3447 7519
4344 8835
3947 8915
2638 6190
2575 8012
4022 7262
1139 5861
2271 7507
3814 6234
222 8472
832 7822
2095 6687
4615 7042
3821 6587
4848 5921
3758 9191
3013 6713
4905 5200
2283 9018
1427 7002
4993 9562
4912 5098
3398 8914
1733 8357
1303 6157
2425 9942
746 5806
1113 5725
1035 9974
3659 5623
3575 9171
1864 8830
413 9854
4006 6837
4637 7837
3646 8421
406 6299
3117 7835
2081 9480
4398 7164
2466 5661
4118 6587
3370 6641
3136 6135
3145 7405
1132 7571
2644 9478
3579 5862
3491 8096
2178 7813
3236 6870
1683 7207
999 5012
4585 6381
2268 7279
2346 7448
15 5994
4335 7068
4500 7877
4570 6388
2994 6635
3271 5185
2616 9190
739 6171
631 9211
2711 7838
2828 6751
2822 5299
3878 6834
846 6595
3245 6818
4165 6883
4712 5647
2459 7041
2596 6006
2031 6681
828 5572
531 9064
2099 8275
3243 5821
1565 6868
2519 9595
156 9276
2179 8238
2787 6467
1977 7044
326 7153
2675 7463
4552 8467
1161 6146
1548 7511
2923 9358
3042 6343
2618 5681
3106 9377
3316 7011
2703 6632
103 5919
4550 7932
275 7795
3800 6854
1226 6241
2560 9976
590 6754
1751 8321
4602 9393
2284 8792
362 8415
573 6834
3187 8613
3115 9263
4790 5257
1875 7972
661 6150
939 9194
1495 7711
4815 7149
1121 5797
1243 5176
3658 8509
3976 5483
720 9357
4525 7753
959 6030
495 6295
4966 5062
2911 7778
2991 7629
4561 7940
332 8557
3511 9123
1252 7710
3408 8846
4709 6346
242 9077
2911 9949
1886 5920
1153 5890
3394 9323
3002 6451
2779 7781
4017 7362
1497 9836
4516 6605
3174 9874
4803 6741
1382 9861
914 6537
2126 6444
1694 5109
1119 8318
4029 8978
3968 9605
415 8143
4379 6468
311 6767
4980 8925
2596 8784
635 7314
4647 6855
2396 5403
1079 5046
4268 9213
4753 6071
1048 7077
3492 5851
3693 5563
4875 9317
4938 8640
3680 8737
3847 8901
225 5829
2808 5237
2091 9292
4131 5571
2595 9233
1924 8547
2908 9218
4140 6714
4899 6698
2126 8857
2253 7255
2004 7490
397 9576
96 7762
3190 7121
1819 9963
4906 9750
3249 7085
4636 6125
4688 6694
2068 5706
2730 6156
3909 9894
949 9637
3547 7353
2931 6287
4163 9917
4201 9846
3819 6606
481 5344
1711 6340
1787 6136
3533 7323
1604 6602
2833 9383
4912 6972
344 9205
2040 6404
1559 8693
988 9306
4010 6623
4762 5573
367 7704
217 7255
738 7116
3678 5556
2696 5514
2467 6093
4669 8629
4363 7790
1004 6632
738 5061
4803 5712
1272 7864
4224 8867
291 7752
648 7343
4448 9200
3507 9098
3869 9313
2797 8188
3644 7251
1071 7117
4755 7430
2837 8111
1182 9371
3997 5601
1283 5964
2603 9231
4785 5101
4403 9549
4068 8225
1030 9082
3956 5777
1145 6439
579 5139
2082 8176
4717 9238
1204 7930
1496 8899
3001 7940
1367 8174
535 9001
412 9992
4867 9122
1174 8239
1942 6904
3955 9134
4617 5340
3035 7507
2999 7683
783 6059
3377 5345
3584 8829
3934 9035
4016 7465
643 8520
2480 6979
3698 7903
1787 6504
479 7483
2371 9494
4335 9992
4086 5185
635 7684
4438 7174
2428 5733
1826 7117
338 7006
2014 6888
614 5667
3957 6231
3122 6805
486 6056
44 5473
2555 8414
3367 5362
599 6214
4801 8712
3768 8056
496 7158
79 5591
136 8782
550 9345
919 9344
4087 8274
2310 5104
2054 8764
4565 9293
3979 8917
3428 5459
1940 5069
506 7198
2502 9283
1521 7300
3957 5758
1936 5681
1468 6192
4867 7892
2579 6622
90 6968
3714 8838
3921 7526
4480 6431
3573 5777
1994 5074
2875 7285
1702 7532
3495 6065
632 7655
1963 9901
4844 8499
3982 5983
3954 5345
4488 9593
2448 7313
1750 5427
1497 7868
2618 7425
2348 5309
3801 8026
4115 7729
1459 6402
4673 7038
3319 5200
732 9363
1483 5048
3837 8043
3374 8743
376 9418
124 9675
3411 8910
3279 6466
3739 9498
2165 8745
2840 7923
1604 6716
1697 8023
1341 9303
1659 6425
2067 6290
1692 7837
4034 7000
3902 8286
1334 7643
4173 5357
2341 5216
2728 6206
4299 9950
4128 9838
2590 5242
219 9333
4994 9907
1870 9695
1259 9361
2603 6058
472 9054
4696 6745
3196 9509
396 5138
1787 6004
4794 7545
4701 9969
1442 9326
2800 6590
4268 7821
4980 8139
4958 9667
149 7724
3543 6828
639 6978
667 6249
4927 5201
1089 8233
4619 6125
1507 9165
4296 8421
3226 8549
346 6892
4899 8906
1128 8119
3918 7512
2045 8604
668 5092
1967 9949
2218 5661
4014 6031
1083 7363
4723 8708
370 5897
2679 6406
4268 6259
1045 7957
3322 5146
1425 9341
1469 8882
3764 7580
1195 7871
2097 5250
3311 6571
4257 8996
3472 6478
3289 9596
4972 9894
8 9545
2811 8969
2598 5213
2268 8273
3979 8744
215 8558
706 9924
3375 7837
1921 5313
2895 7169
3204 7051
4781 5710
2484 8636
2590 5949
1795 7411
3337 7071
184 6809
890 8356
3708 7490
2316 7957
2641 5796
3129 6058
688 6891
3584 9103
4729 8655
3499 5367
2356 6730
2698 6974
4712 6515
274 6275
384 7207
658 7606
2412 8190
763 8721
670 7296
2843 7534
131 7866
2421 6410
620 9052
2604 6262
3499 9264
3383 5559
3496 8394
3068 9708
4279 8564
98 9618
1062 8818
3934 8575
3526 7563
3373 9999
1481 9749
3401 7250
2747 8991
873 7449
2460 6877
2810 6169
3151 7770
598 7460
3500 6096
2348 7886
1591 5422
1348 9180
1667 5114
2067 7247
3947 7141
1521 9278
535 6351
2315 6020
3908 8191
282 8369
2940 7997
2156 7067
1399 8162
2681 5377
2817 5423
1829 9650
3129 7925
1900 9201
155 8544
612 7855
91 5100
1411 5790
4569 8921
601 5814
741 6128
3253 7017
3451 5754
228 6480
4598 6312
122 7468
3272 8659
3959 6788
228 6839
4679 7472
1999 5610
4365 8612
2077 6120
571 5647
3745 5587
2901 6069
2104 6606
3556 6879
3662 8325
502 8730
1208 9052
629 6436
2535 9032
4147 5907
4128 6518
1576 5432
3628 9130
3861 5070
1478 9463
2333 8603
4731 5575
1389 5672
167 9866
3042 8902
1225 9645
1474 9178
2348 5444
1015 9721
2172 6038
4756 7589
4503 5254
4764 6651
1871 6139
3991 7554
1994 8932
3057 9857
682 5077
3926 5869
908 8639
2626 5249
1374 6078
2767 6893
3478 5655
4524 5350
1086 5779
4020 7288
1778 9193
2453 5665
4420 5115
1862 8559
1766 5457
3377 7073
3650 6610
2098 8105
2377 9291
1156 5215
1605 8454
2289 7350
1644 6913
1635 6007
4583 9102
4437 6547
792 8668
1325 7282
4613 5938
1858 9478
2204 5275
3474 7722
335 6177
1466 8695
350 9418
332 9826
1650 5189
2405 6113
2554 7685
3712 5233
1127 6297
3251 8117
1193 8696
502 5409
3188 6839
301 5819
2543 8874
1157 7865
4795 8445
3458 7831
708 9940
2610 6370
1769 5919
2899 6779
2635 6659
2014 9902
2678 7704
2415 7463
416 5362
3946 7042
3028 7767
124 8804
3196 8745
4453 9067
1265 9516
2009 5522
2779 7503
1676 9315
4732 9087
1014 5013
3767 6163
3140 7633
1298 9454
868 7649
1825 9523
4992 9789
1895 6111
3486 6069
4809 6424
4106 8723
2991 6352
2011 8626
2556 7036
2905 5305
3403 7102
39 6607
2821 6774
4632 7250
757 5722
2229 6065
3322 8206
2338 6368
1275 9026
3945 7532
1427 6014
2637 6538
2253 7918
2298 7577
773 9908
1837 7661
3075 9445
31 6973
3288 8471
3492 7034
3719 7009
688 7726
3525 9989
3299 7463
4865 9485
1455 9348
275 9469
3830 9734
2617 6213
3800 7357
3982 5258
3325 5372
1142 6839
2347 9339
4653 5479
3754 6566
1112 9110
439 7491
3960 7485
1922 8378
4308 7723
1589 5300
2162 8863
3045 5093
4155 9487
4197 9392
3119 7385
4620 6658
2318 7353
1184 8129
1225 9978
4147 6145
3295 7930
3024 8043
310 9529
1360 5315
2893 6739
3480 8322
4049 6885
3631 9918
3117 5467
3001 6946
2173 7581
430 5106
2361 5525
2051 5997
4770 7370
4063 6728
1662 5770
4313 5913
4933 8085
4873 7298
1369 6741
2701 6388
3108 6752
2501 9177
4691 7130
957 9371
3327 7160
3656 9921
1566 5878
4855 6315
4108 9868
4854 6970
4656 8803
1630 8653
467 7827
4948 7715
802 5523
606 5550
4118 8829
2324 5595
2437 8290
857 8370
2007 5491
4908 8657
1237 8742
2481 5589
3557 6710
4584 6867
4672 9750
941 7371
506 9160
582 5367
3327 8971
765 6411
1428 6088
722 8996
4951 8164
789 8180
1909 8066
877 5320
409 9967
3970 7311
3846 6007
3197 8573
4854 8161
125 8383
210 6377
2970 9285
4335 7426
4434 9744
1423 9115
1882 9644
3978 6281
3992 6948
2787 5842
2818 7590
1454 8972
2246 6727
3112 8340
4857 5226
1381 9973
2921 7734
159 6287
3803 5140
3275 7518
4016 6336
1519 7753
2728 8708
4822 8480
3563 7226
2499 9777
4750 9423
654 7673
1019 8011
2324 6249
3448 5514
778 8665
909 9689
910 9970
2336 6746
4260 9740
3486 6831
2462 6279
1672 7945
671 6192
3734 6753
2978 9570
2861 6556
1411 6061
192 6871
328 7098
4564 9025
1152 9116
4024 5751
1128 7977
52 5997
3335 6879
858 7470
1003 6055
4979 7729
3102 9798
4578 8057
4796 8590
4348 9725
1711 6043
4007 7280
4324 8690
660 7940
1 7959
3174 5433
676 6637
3390 5481
4711 5994
4003 7282
2144 5307
240 5595
1212 5878
378 7430
700 7646
641 8576
4034 5596
2860 9571
872 7493
4381 7980
2250 7849
1600 8672
1160 8653
1773 6153
3859 6174
493 6683
62 5030
3741 6202
562 5573
1518 9169
3417 6637
1187 6067
1677 5722
2147 5875
1623 9463
4359 5135
3659 9654
548 9957
4415 9449
825 5482
771 5293
865 5629
3534 9135
4217 6395
1208 7124
1743 9678
2474 7804
1863 9870
338 8932
2478 8677
3256 6395
615 6868
2841 6727
1842 5673
1777 5433
3933 5062
4306 9558
4108 6225
2731 9240
3219 6790
4044 5629
711 7487
2856 8322
1108 7503
2036 7865
1893 5598
4774 9511
4383 8933
4700 7447
2921 8845
1119 8351
4435 8730
4610 8249
1222 6312
874 5474
1959 8956
597 9675
1419 6876
4450 7923
4352 8942
2063 8744
1827 9919
168 9118
4130 8333
1260 5730
4137 6186
3707 8618
3724 9733
4703 8222
2642 9267
2300 5086
747 6142
4986 6478
3335 5924
476 5410
338 7003
4733 5943
3714 9742
2285 7724
2091 7781
199 9279
315 5965
1745 9386
1877 8204
171 9651
2561 6215
3964 8145
492 8062
1851 6440
1581 8243
331 9449
2237 5377
3335 6806
3309 5025
2827 8054
1358 5305
1988 8615
1972 8767
1840 9888
3633 8418
2930 9716
1777 9231
539 5458
1231 7261
1758 5717
4234 7191
2653 7693
2592 6716
3890 7673
454 8969
2292 6122
2156 6192
502 8236
406 8695
2253 6245
2941 6408
681 5623
4132 5239
3075 7174
476 6870
1810 9030
992 9391
1997 6186
1981 7923
3768 7934
198 9827
3034 9648
2156 8225
4676 9303
1950 5965
1528 6971
2245 8887
1315 5335
615 6796
1230 7606
1057 6514
1310 6195
1948 6391
594 5552
3678 7246
918 9077
437 5977
3317 5552
2604 7031
2218 8038
590 5291
3799 5811
1059 5509
2800 8694
4808 7560
4227 8518
101 6591
4247 9474
2582 7679
3075 5375
4283 7372
4862 9091
1080 5871
3917 7675
819 9861
4942 8394
392 6150
4076 5738
3023 6597
3144 6406
63 8541
1358 6369
772 8556
468 8652
1433 5061
2716 7012
4691 6300
2862 7724
2059 8644
1395 8491
1559 8999
2349 6468
698 7822
4318 8043
2741 8742
4369 8846
1787 8531
326 8326
3476 8026
1775 8130
1025 6125
3002 7601
4423 6997
436 7350
1723 9060
4072 7712
3475 5108
2497 7940
442 7759
419 6499
1720 8738
3762 7336
253 8497
39 5816
590 8302
442 8342
631 5181
1702 8232
2309 8549
2301 9406
190 6409
2826 5814
761 5428
1649 7098
2828 8602
2602 8015
526 7503
3754 8289
1519 5637
1162 9846
2160 8380
2286 7658
984 6425
2300 5942
4512 8541
2437 7972
1091 9479
3784 5225
717 8936
3810 5063
4038 7976
2011 6260
2277 9253
1229 6078
369 6733
4881 5708
2993 9979
2760 5685
2710 5271
3256 9127
2458 5678
1910 7473
4005 6011
3954 5458
3137 5869
1973 6275
3157 7062
1532 9431
2361 8975
172 6204
2462 9399
72 6090
4134 9172
1218 6122
4217 5148
2586 9028
2206 9368
1397 9508
1738 9615
4728 5726
4473 7157
262 6104
1918 8810
2031 9519
2932 5989
2961 9399
2486 8943
2822 7757
924 5067
2978 6748
1310 5172
1475 9837
2958 9818
1244 9273
3540 6313
4327 5663
2108 7556
3395 6138
3345 7289
1003 6999
3485 7206
4308 7434
2085 5643
2432 6393
3229 9317
677 5829
2531 6822
632 7642
679 6049
3350 9031
1476 7816
715 7695
1560 6267
1305 9649
607 9378
4250 6783
4518 8610
2414 8028
339 7302
1361 6343
2388 8416
153 9910
3641 7292
4702 9450
1968 9361
3240 9992
1260 7904
857 6864
3579 5777
2580 6719
3518 6735
195 8195
2362 7877
890 9533
4865 8266
2608 9917
1017 6753
2329 8361
3355 8356
1403 5750
3783 6778
233 7971
15 9193
4733 5746
8 5586
2251 5487
32 5928
4504 5532
1473 7830
1899 6241
4849 8338
2533 5959
187 6459
970 7300
4381 5277
3142 8602
557 9090
486 7138
3229 5791
4782 7910
3150 6931
3852 5012
3791 9911
4115 6862
1459 9729
1919 5564
4289 8761
4850 8207
2070 6697
2214 9769
412 8687
4754 8666
1522 6275
224 8141
2087 8873
25 6725
4228 9994
3189 7956
1832 8238
2847 7339
1209 9931
4979 6403
741 6297
602 9220
3961 9010
736 7447
4702 9252
1775 9184
263 6682
1825 8978
3461 9331
1384 7048
979 9993
1838 9830
717 8602
1565 5089
1536 7973
2942 5114
4411 7189
2977 5984
878 7729
3641 8436
2678 8097
2955 7854
2044 6778
568 5646
3271 6085
3054 8345
3251 9566
1440 8942
4115 6522
4860 9739
3178 8600
1943 8192
138 6059
1873 7693
1508 8077
3609 8162
1159 6360
3064 7594
1547 5791
2327 6854
3219 8946
9 7202
657 9786
1126 7345
3921 9018
1949 8738
1557 8143
1028 8956
1908 8436
1209 6175
1591 5609
782 7119
4591 7257
591 5116
4179 8846
104 7367
1893 6013
4447 7484
2981 8871
2678 7037
3563 8614
4542 7417
550 9062
3635 6412
2662 7122
3527 9438
4089 5825
4038 6753
776 5407
3713 8283
2643 8650
4582 7783
3298 7466
569 8666
2139 7233
2043 6321
2791 9824
2098 9531
115 9508
2064 7694
2771 6228
2940 9231
4660 6954
2599 6617
217 6435
3740 5877
2353 8645
1333 5524
2728 5704
541 8127
1928 6241
4392 5371
545 9657
1419 6678
3017 7150
4605 9203
141 5109
2231 8333
4647 5381
2527 9114
3541 7757
4518 6399
4789 6278
1502 9440
1170 5168
1580 5976
3700 7952
4794 5900
515 9947
303 6245
525 6845
2290 7485
1981 7766
1805 5217
72 7953
2805 8063
1666 9752
3115 6402
4702 5380
3149 8494
1611 8977
4983 8992
497 7461
2372 8400
4751 7797
3544 7230
608 7147
1965 5427
1205 8474
387 7551
3651 8591
1796 7994
716 5679
497 7488
4845 9930
4908 7334
4267 9784
4073 5347
4303 6149
3253 6834
4248 5823
812 5801
144 7131
583 8550
3300 9566
4943 9951
1014 5764
2249 5265
4145 6825
4122 5236
4268 6986
1287 6251
4701 6315
3924 6704
4352 5930
653 9792
1804 7494
4880 7925
4914 9106
4454 8995
3208 5259
1168 7904
3280 7865
707 8530
3309 7631
1494 8762
3732 5578
2431 9907
3191 9470
3770 7198
2424 5324
70 6505
3362 7896
2572 5014
2677 8911
2357 9449
4833 5949
549 6685
3812 7768
3690 5117
4919 7945
3341 8817
866 7984
582 8891
1644 5196
239 9490
4456 8418
2595 8655
1258 6858
3880 6038
2070 6237
4695 9060
1107 9664
3933 6039
1223 7833
1496 7088
989 7001
2493 9879
2323 6792
3369 5455
4715 6941
130 8049
1326 9781
3635 7129
2641 6776
766 9062
4683 9031
2711 8094
3486 6275
449 9293
4838 8942
2595 8445
2910 5299
3020 9899
3527 9869
475 5005
712 9043
4186 9529
61 5458
2687 7420
4458 5350
2982 5656
1647 9369
4269 6180
2535 8996
471 9841
2616 5458
300 7497
1605 5362
3531 6643
4020 8258
45 6114
3884 8092
3141 7315
693 7476
1998 9372
1563 7045
1522 5075
4341 7933
702 8875
2915 8524
4722 7745
4811 8080
524 5129
2014 5921
3784 5134
2084 9582
3185 8709
3224 9870
4443 9179
819 9954
3232 7674
904 6639
4772 6011
4741 7989
2089 6929
2233 9779
4040 6853
4868 6267
1446 6163
3433 8949
4007 8149
4422 6439
557 6385
1406 5192
1299 7277
4976 6569
4819 9359
65 9890
2819 7908
552 9553
391 9796
2670 9288
783 9233
3925 5739
3972 7075
4320 7867
157 9741
4504 8505
1368 7541
1832 8084
1187 9157
2218 8245
2797 8152
2058 7697
1232 9182
3323 7677
3388 9795
3985 8444
3769 9432
4154 7439
1302 5221
3302 9736
871 7387
754 9398
2046 7668
2376 9528
3652 8051
3162 7672
1003 7962
3575 6054
4299 8946
707 9787
4408 7003
1572 8226
3059 9275
3794 9027
2615 6369
1735 7101
1323 9497
2792 7034
77 9903
2336 9286
738 8203
2560 6437
4891 6300
775 8242
1859 6139
1224 9003
33 6860
479 7255
2974 8862
4614 5276
4350 9010
3205 5841
6 7076
1388 5427
2746 8545
1808 7840
1081 9686
1972 6462
1934 9632
3798 9705
3791 8613
2935 9442
90 9077
1709 6029
1112 5425
2240 6710
4882 7021
4708 8340
1387 7949
3622 8096
401 6516
3048 7681
4973 7646
2739 6431
711 5172
2330 8729
4292 9545
881 5496
3115 7769
19 8966
1817 5015
1366 9278
1613 7616
355 5759
4965 5435
4181 9937
1136 6845
16 6152
3451 9003
4322 7050
3611 9475
550 6268
581 5196
3190 7790
4046 7188
3862 7079
2335 8534
966 6598
2271 8960
41 7588
638 7122
3173 8406
2390 5137
3596 5278
1005 6466
1500 9037
2160 6138
4024 7698
3646 5623
2171 7240
4185 9288
210 9231
3757 7814
774 7468
1865 5836
3122 9511
1377 8494
2997 6375
2868 8167
2489 7574
3933 9474
2934 6869
3030 7049
2855 6499
1078 9423
1105 8850
3382 7663
4001 8041
4949 8438
4438 7303
3955 6823
4054 7404
1190 6638
702 7192
4188 8555
4745 9905
1350 8116
4045 6482
1886 5153
1928 6904
4738 6132
2368 7476
3927 6195
4106 8587
4672 9845
3492 7770
2554 8007
3445 5209
3236 8525
2015 6336
1654 7909
1531 6405
2420 8134
643 8913
3350 6319
4059 7125
1053 8384
1471 6703
2461 5682
775 6247
289 9283
3039 5893
3620 5181
216 9857
1654 8101
2456 7061
1799 7096
1131 5148
4465 7324
1125 5999
2334 5163
842 6960
2683 7887
1699 7713
2204 9683
4242 6147
602 5102
3308 7113
293 9881
4024 5148
4441 7014
2180 8399
746 8088
182 8557
4808 6700
4196 6053
1039 8004
2732 8329
4774 9156
3898 6599
2739 7987
1445 9523
2972 8545
151 9302
919 9530
4013 7775
1114 5408
4543 6997
3569 7780
2698 9841
1890 9133
960 6933
3101 8579
838 5062
1969 8820
2853 7085
245 8324
1835 7242
2271 9920
2570 9898
4163 6017
14 5205
3264 8089
2618 9267
784 9617
2600 5051
1499 9490
931 8479
2020 7873
935 8292
4496 9171
4153 9716
2501 9196
4598 6656
4341 7786
2273 7167
2061 9328
1690 9979
4813 7054
2489 8264
3075 6824
2979 6368
2070 6839
2164 8744
1499 9907
1686 5183
3458 5171
4505 7469
1636 6236
3164 6889
2537 7029
2281 9608
1884 6357
1964 5099
1961 6135
3765 7115
3710 8775
364 5190
2668 8010
4636 5134
4351 7341
1041 7816
139 9632
1657 6330
3202 7712
118 5091
3243 7025
4758 9737
2237 6601
4287 6916
2920 5772
1542 6526
4655 5295
3166 8134
1617 6367
1703 9713
2911 8993
4693 5659
2005 5984
406 8615
3885 7075
1395 6591
2207 7619
571 9784
1821 5093
4602 8154
396 9385
4960 7421
1920 6110
2578 6065
799 5035
1909 7358
3242 6432
129 7819
4886 8531
2755 7669
1461 7473
1742 7347
1401 9004
3399 7336
2367 9528
4101 5223
2291 5227
1867 6505
4706 8257
3018 7573
885 6221
2477 5624
2113 8552
4913 7313
3843 7673
537 7315
1424 9955
2711 6185
3540 9862
396 7842
1057 7281
196 8389
2688 6907
1161 5788
1338 5372
816 9544
864 5618
2771 9812
4366 7867
4591 8472
977 5943
3968 6907
900 6524
3043 9037
939 7529
4726 6240
4729 9366
2272 6686
1189 5187
1321 7670
4533 8008
2071 5970
3309 7462
470 5963
1867 5313
4040 5309
3103 6205
2697 8760
4088 8028
3013 7859
1248 6425
4878 8832
826 8840
4217 9903
3171 8418
2760 9756
4712 5275
1425 9931
4154 6148
936 8856
208 5306
251 9596
3524 6740
1416 8901
195 5205
3815 9284
3468 5051
4447 9971
604 9693
2995 5617
3800 6788
1194 7575
2089 8711
67 8526
3353 9383
2985 9383
1752 7419
524 5446
856 6924
1925 6744
426 8609
4237 6763
1986 8430
4266 9945
2827 5984
3210 5631
1858 8523
2234 7443
2775 7309
4906 5506
544 6332
109 6353
2653 8259
2912 5224
4206 9210
4564 6165
4023 7834
3427 6864
1249 9685
1712 6871
3585 6922
2082 8664
185 8315
4066 8078
3498 5605
3933 7089
3313 7159
3689 5048
1312 5654
721 9792
2241 9996
2557 8793
4950 5289
88 8588
1936 8307
4267 5776
1752 8619
4363 8709
2895 8342
1017 7233
3372 6031
3825 9332
1953 9039
4514 9482
4171 6640
2577 9857
3928 5369
1370 9841
4136 8024
877 8867
402 7783
1050 7033
2002 9842
2027 9805
4133 7705
91 5922
3739 9953
1939 5470
3867 7036
78 8659
247 7180
2662 5740
41 6994
3020 7977
2304 5786
3639 6196
2484 8449
2442 6742
4012 8561
2737 9664
3134 5716
3639 5380
4491 6273
3659 5535
4518 6467
445 7091
4450 7301
2759 6194
2906 9510
934 7991
2802 7277
2992 6629
3972 8288
757 5302
3394 6932
3324 5620
1044 5016
323 9256
4180 5739
3540 7627
2446 6730
3778 9723
2363 9628
3840 8918
4181 5383
3964 9233
1841 8135
1309 9813
3719 5807
4370 8679
2402 6751
1929 8657
3044 5819
87 5497
753 5818
1107 8864
435 6835
1718 5097
2782 7668
3986 9579
3218 7470
4197 5850
232 9195
873 5972
4836 5418
4574 6504
4028 8883
1174 9515
2295 6215
2392 8540
1648 9172
1611 7475
4006 6025
1439 8309
2352 5310
4595 9358
3398 7740
2027 9753
4499 8763
1655 6177
3183 9588
2757 6085
4456 9159
3245 7927
1228 9721
2099 5326
2209 8531
54 8477
4387 9822
2859 8751
1432 7587
1965 6589
2916 5398
809 8937
494 5209
3092 5523
259 5485
3661 7062
932 8891
4646 5855
3786 6748
2324 8412
4186 7920
3573 6667
1485 9842
2834 8752
325 9572
4330 8457
4172 6172
4438 6366
3011 7417
1074 7658
1401 9212
1857 7392
4117 6849
813 6275
886 9491
104 9460
3492 8958
3552 6139
4269 6040
3961 8302
4365 6488
1237 5987
2179 5261
1186 8110
530 7214
1355 8969
3445 8377
2892 9695
1041 8533
3069 8030
3343 8647
1753 6468
188 5207
3967 6615
940 5556
4466 5270
2832 9248
1574 7927
2099 8054
4204 8044
3166 6193
2962 9292
4015 7110
4560 5251
4994 6217
100 9155
1081 6532
3043 5455
2429 7925
3619 7290
2836 8405
3537 8700
3899 6314
4437 6778
3642 7559
3632 7635
3596 9678
3758 7611
1069 9316
323 9715
900 7635
2740 9478
3554 9298
4920 8499
4029 8400
2717 6592
841 5724
2138 5850
1056 6091
542 5570
1935 6291
3876 5804
952 9625
4441 5846
4822 8761
55 6615
2370 8684
539 5838
89 6033
3842 8952
2070 7047
1490 8725
4209 5422
93 9088
3428 9128
2579 5552
2772 9457
709 7519
3032 5047
2748 8668
816 9596
3502 6438
1421 6371
2937 6313
4838 7376
2023 9913
3286 8448
4816 8267
3142 6926
471 9128
4340 9497
1043 6759
863 6982
3174 6216
3788 8749
4189 9078
1400 7488
4776 8859
1414 7220
1660 8670
4773 7883
2718 5437
3510 5784
2395 6340
1547 9488
4682 7266
2273 7792
218 8200
973 5297
2296 5452
425 5221
3568 7198
2316 6885
1857 7639
2402 5143
4188 9664
386 9439
3843 5273
2692 7966
2451 6992
628 8215
2299 8932
3418 7932
1476 5579
4513 6292
1958 8570
2817 5801
1584 6765
820 8909
597 6111
994 9101
4672 6163
4738 9767
2424 6198
2454 8717
1697 9072
1499 6339
298 9536
801 7465
3912 9779
451 9794
1887 5228
49 5813
2752 6231
1449 8355
3082 9012
4696 8436
2443 9585
3080 8804
3996 6275
4587 9501
2217 6839
3768 8880
2814 9845
541 6040
1055 9483
1508 8531
3441 8539
1181 5405
3823 6884
1342 8442
2999 9954
201 8890
4994 7250
1376 9971
2528 5645
3231 7633
463 9853
3124 5745
4346 8195
342 8265
3589 7631
2672 6621
2343 7925
2577 8408
4219 6355
2536 8338
4220 9647
2747 6956
2385 7550
2674 6209
4517 5817
3276 6704
1358 8903
2149 8622
1234 8021
1595 6355
4713 7298
3363 9773
4130 9085
2073 9352
1741 7818
2353 7981
4734 9171
3676 8452
3597 5023
2447 9451
2924 8723
3910 5464
2746 8547
2932 7865
3662 6809
832 6352
1874 5998
4196 5699
276 9575
508 5315
4287 6686
3802 5509
632 5566
3045 7658
3587 6175
1055 8371
663 7681
3692 7748
409 8135
616 9222
724 9897
1269 7695
2999 8392
3409 8710
4915 5659
3748 9152
244 6039
2145 7422
1793 5067
3204 9614
299 8032
1448 7584
2059 5265
4031 8025
1754 9069
2976 7178
2444 9165
1649 7638
1041 7769
4699 6066
3218 9498
2110 9576
1233 9322
3307 7321
3123 8874
797 6136
2053 8504
1909 7575
2660 5431
4204 9087
1971 7099
3286 6457
2246 7280
2772 6138
88 8779
3706 7398
2703 8827
182 7508
2622 8205
2422 8850
343 5785
103 8320
4579 5238
1382 8131
903 8905
3778 9847
3505 8947
1076 7321
3388 6013
2273 7666
3021 8726
934 5883
1619 8501
1516 8668
349 7579
4868 8695
4505 8510
2118 6036
1273 5697
3098 8032
950 9243
4446 8157
222 9917
4119 7870
2444 7829
694 8436
1838 9646
253 8970
105 6888
1666 8260
191 5457
2703 5780
1000 9409
2690 7444
2726 7982
4743 8361
3936 9904
2468 6191
1146 5966
3801 5958
1584 7514
3058 8570
2005 5074
2841 6789
1585 8208
2783 7545
1004 5776
1932 6250
3477 9463
3033 6976
3490 9374
4825 7925
549 5665
360 6113
3023 9961
4643 6540
191 7786
3478 6296
1061 9831
2677 6735
1386 5177
1468 5231
4064 6228
115 5572
1653 9753
3037 8157
1960 9814
3337 8366
713 7882
1852 8727
4238 6268
3319 5011
4471 7978
1296 9065
1460 6600
572 6661
4916 7256
2594 5069
2142 9591
1515 9614
1424 7492
4613 5214
1656 7441
1494 8873
4780 8912
1228 9832
3512 8696
1457 7987
4149 8473
4982 9107
292 5438
3261 7085
4166 8430
418 5623
2040 5932
2911 8554
3880 7472
4182 7943
3919 6397
4568 5543
1301 5666
1190 7718
1814 5651
910 6971
3367 9922
4128 5355
262 6003
199 5242
4026 9277
3922 7245
1148 9071
1704 5704
4940 6922
2140 7015
3850 6740
1952 7826
2266 8529
439 8642
3826 5314
3581 7109
4058 5757
2020 6127
1273 9464
3079 8663
1633 8192
1017 8345
8 7685
1344 5516
2037 9348
2447 5796
3724 7488
1322 7664
4031 9375
2236 9740
3997 7900
1826 5994
3537 5151
4895 7737
2314 8962
3735 8578
806 6985
4230 7483
3260 9977
4486 9348
4710 8147
52 9555
1685 8928
1948 6046
3677 9275
2762 9418
4705 6025
277 9779
4971 9410
2920 6034
2681 6098
3056 5281
4202 5005
21 7830
2113 5783
3939 5585
954 6415
4300 6035
4039 9361
1579 9354
3894 9960
1695 7923
4058 8887
4217 7538
681 5387
2807 5175
3857 8120
1664 6590
4488 9706
4086 7637
4110 9800
2354 8049
600 8254
1281 7159
714 6169
695 8480
1466 7878
290 6663
242 8919
2298 5066
4236 7241
282 7695
2693 5673
203 9548
953 5108
3144 6746
2994 8477
1306 6372
2307 9108
3955 5731
3038 6174
2662 6350
2224 8253
4914 9296
527 5384
2326 7713
2605 6270
3562 8134
4421 6663
3401 5020
4778 6778
3984 5283
4727 6391
1192 7002
404 8279
2807 6513
480 6856
471 6607
848 9474
3733 8907
421 5709
2176 6925
3254 7738
4682 6810
3836 5152
4386 7235
2739 5944
4408 8425
588 6515
4001 9415
2512 7425
1446 9778
1681 7066
149 7474
129 5133
3156 7031
25 7405
2058 8332
54 8079
1556 6676
1664 6852
2606 7928
2359 8576
910 9882
1924 5648
2609 5383
1520 5596
4945 8549
4280 8915
2778 5269
871 7508
1555 9820
3277 8312
3771 7749
4431 6457
1533 8392
400 7928
1420 8496
3142 6099
1103 9045
2738 5641
3083 7644
4802 9246
2442 6841
3745 7114
1986 7338
4691 5244
1604 7278
220 7269
4662 7466
4965 8428
823 9857
4958 5257
1893 5863
3749 6594
3275 5120
2365 9874
554 7964
963 6774
3876 7774
2955 5266
3271 8025
3141 7987
1093 8907
426 6758
3518 9868
1571 9827
2501 9866
3555 9695
3481 6386
2030 7001
2717 9908
4365 9084
1679 6696
1346 8634
3515 5580
4621 7514
143 9886
1629 6334
1049 7753
3818 7228
3086 5428
4417 8728
2067 8023
2593 8942
4474 5108
339 9656
4378 9411
957 8628
807 8353
3959 8615
3760 9675
895 9131
1945 5310
1445 8337
203 5851
599 6772
1964 8615
1250 6469
4930 8073
1677 9203
4671 6994
4608 9136
264 5332
2610 6763
3902 5644
1483 8077
566 6934
4990 9243
4004 8159
4952 9316
2834 9378
1214 8203
3283 7336
2155 6765
2395 5577
4962 8021
2612 5555
4739 7107
2478 6314
1951 8126
422 7470
3189 8386
1932 7755
3617 6587
4561 6621
2698 9435
551 9359
4766 9565
3311 6887
4567 7858
2760 5841
1048 5518
4493 8999
535 8190
870 6026
4322 9038
4287 8449
3364 6280
1862 7354
3845 8562
4684 7748
2939 8074
478 9639
3681 8432
4401 8638
346 9444
609 8356
1465 6992
3762 9466
2686 5601
446 6584
1598 9402
3898 9461
4708 7273
3659 5812
4757 9912
1555 5129
2019 8446
4739 9854
1182 5019
1617 7138
1043 7646
4099 5311
723 5448
1626 6787
4471 8489
1142 7324
3019 8193
4723 9389
3289 6525
2672 5139
1226 6250
763 8677
4055 5153
3650 6413
651 7201
3602 5509
2806 5782
4617 5039
4406 8336
2584 8907
1733 5887
3275 5392
4193 8400
1531 5184
4558 7924
844 5263
2354 7540
2291 8449
2671 7585
1364 6611
3771 5151
2358 6127
3614 8975
3399 8811
2359 8910
4131 7884
1842 9365
2869 6504
3148 5258
1096 6754
4216 5288
1541 6072
1195 6989
590 8928
349 9718
1054 8545
3105 6938
1409 9743
164 5804
4369 5334
2858 7665
3268 6099
2650 6711
1636 9036
991 9894
1329 9083
4051 9879
1057 6573
108 5493
1050 8362
640 6683
530 9338
3445 5500
2212 9731
3030 6878
4801 9182
1990 6652
4016 7099
3143 7815
2804 6463
4108 6152
1772 5241
2593 7904
1583 8047
4348 8620
4363 7432
1857 6278
2976 6527
742 6222
3301 9596
4124 8147
158 9452
266 9647
2251 8602
461 8762
1615 9799
254 5196
4634 8572
252 5067
1487 7065
3533 5831
1053 5557
3918 6211
1450 7276
3935 6423
2451 7374
3725 6355
620 6539
3854 9076
2032 7911
1370 6000
4885 7214
107 7341
2727 5704
2008 6976
2294 8370
2091 9920
3856 5583
3318 8252
4324 9635
1731 5231
3394 6068
3466 9246
2500 9439
3486 9494
487 9394
2135 5687
4882 9777
2317 8587
881 5958
2453 7798
730 8791
2154 7789
1251 5841
4613 9181
3388 9125
479 7786
3791 7668
395 9677
2690 8302
3021 9456
863 9798
3408 6905
3815 7552
4403 5593
2370 8824
60 9176
351 5570
582 7782
2318 7388
3983 7846
1245 6277
3064 8151
2170 9211
1525 6590
190 8844
1928 7199
4858 6641
2868 5303
366 6580
822 8578
1165 7186
624 7964
3238 7747
3140 8134
2700 8618
1607 8387
4584 5212
2017 6952
2742 5538
4410 6447
3808 6625
757 8881
1071 5617
981 8950
16 8952
2054 6851
1595 5614
4282 6494
2139 9222
1064 7507
2321 6329
3323 6769
4132 8099
4846 7383
3881 8139
2793 6064
1391 5997
4942 8577
4616 9086
3637 5337
2956 8700
3408 5908
1561 5780
3188 6459
1742 8591
2123 8309
4973 7769
262 7327
261 9039
3568 5232
1227 8926
3273 5338
2807 7970
4157 9630
3267 8069
861 9915
2385 7369
389 7628
483 6905
721 5815
3069 5386
900 9066
4509 6841
2308 8013
6 9027
2013 5698
3541 9835
1668 9078
3586 7735
2839 8176
1022 7752
3812 8955
2120 9949
4843 6894
2679 6897
1169 5241
4624 8550
3030 5692
3953 7332
1060 6056
2691 7878
1393 9340
3683 9851
440 6123
4038 8571
3705 6121
2373 9332
4339 6770
2256 6756
3740 6887
2236 6667
1779 7991
3484 6630
1440 8838
4087 8442
2874 6135
1746 6545
1190 5504
4960 9368
2 5208
2787 5535
3980 7853
3053 5461
1677 8189
2078 5020
2471 5254
2817 7076
2077 5463
1488 6059
1065 8578
1146 6472
1213 9699
1372 6483
4124 9137
3678 8867
3553 8201
778 8490
2586 7733
3815 9225
3316 5845
4766 5365
519 8847
3930 6406
2552 7925
4845 9521
2279 9002
3814 7610
1383 6458
1596 6766
3799 5820
3286 6993
518 6147
290 9731
480 6608
2800 6129
4982 9678
950 8835
4802 6894
4886 7855
2275 5759
4629 5103
3126 5461
2662 9106
1339 8670
621 6395
2592 7819
2223 9478
2878 5808
4032 6080
4188 5191
640 8504
2981 7005
3706 9617
531 7172
2243 8196
2852 6609
1122 8829
4044 8120
3997 5768
3992 6083
694 5737
2177 7631
4975 6202
4563 9719
4757 9886
4988 9323
4348 8876
4467 8635
497 7286
1999 9037
3668 8308
1579 9680
4598 6180
3427 8459
604 8648
4393 8306
2561 7093
3095 6273
2084 8054
1718 8731
4016 6356
3519 8217
366 5509
1552 8550
4542 5590
2102 9429
669 7108
387 6822
3639 8060
2138 7502
1916 8952
1357 8212
547 6962
2595 5919
1962 8264
1137 7249
400 8961
2913 8181
4596 5119
4785 7544
562 9122
2417 5990
1741 6615
557 5253
3458 7028
3990 5352
1949 7901
4852 9308
2227 5950
3715 5179
2010 8316
4912 7957
3492 8291
3265 6813
3444 8511
490 6072
4771 6371
1764 5037
2564 8660
2484 5676
1088 8323
4833 6461
1260 9949
4191 7325
4106 5303
4626 7705
2841 7036
844 8344
1367 5930
3533 8741
2963 8700
1167 8079
3069 9794
2698 5004
822 5603
3502 8861
4004 5343
639 9804
2691 8503
4901 7004
2040 6062
3785 6707
1266 6054
2387 9102
2833 9213
328 5257
4659 9973
3014 7748
3628 5106
1468 6018
3960 9815
1987 8960
1983 6385
89 8161
3092 8246
3530 5277
3438 9221
362 9523
2315 6585
4410 6873
4589 5153
713 5939
4602 5358
2385 5929
500 5708
1004 8038
1031 5447
2170 5142
1751 9305
4488 9151
1713 5583
886 6976
219 7676
4359 8414
1879 9757
2462 8042
4374 8236
1552 5252
2906 9687
1496 8625
3028 5050
29 7561
2566 8436
2945 5131
3705 8580
534 9474
1967 7510
706 9789
3596 7004
3251 6100
328 8079
252 7061
2566 8172
2259 6042
3426 6960
51 9916
4516 6742
4643 7185
3135 6282
2532 7747
3632 5301
3161 9835
1168 5367
1304 8432
3864 7975
4429 5555
699 8384
2747 6254
691 7708
3172 5358
4046 5859
3128 7332
3305 9049
3762 6804
2894 7542
4014 6878
1602 9203
3859 9170
4677 9958
4336 8749
3827 5093
4389 9375
169 7902
4774 6744
4833 9444
3669 9163
4195 8369
3429 6136
1659 8866
3625 6064
4667 8043
57 6765
3348 5335
3123 5943
1479 9384
1191 5029
2129 8629
954 6793
4693 8830
430 7434
1708 8728
3729 8148
178 9381
2776 8571
232 9951
2342 6624
2291 9378
4246 5322
3481 6238
717 5512
337 7274
846 8569
3919 5326
272 6228
2344 6085
475 7789
3974 7814
3020 8926
3246 6216
151 9445
2880 5685
1533 6261
2984 6511
3299 5144
3990 7388
3705 8563
2198 7003
1629 8810
2479 5386
724 6266
2209 8271
2288 9550
4112 6148
196 5595
3280 6649
2221 8658
1425 6167
4023 8762
1223 7846
1465 6086
3941 7428
2593 8884
3478 9976
2551 7488
3923 9786
1939 9728
2050 7156
2085 9257
3667 8585
3604 6787
2418 6158
141 9814
4053 6243
2295 6086
935 8986
3058 5407
2679 8718
3858 8173
445 9669
1825 7493
4206 5365
4453 5957
1299 8359
3084 9283
263 8526
3970 6410
849 5974
2934 5785
2239 9596
3556 8348
4732 5068
3554 9983
1570 5604
1549 9798
3802 7463
4616 5542
69 7000
3173 9387
4783 6697
2333 7858
4165 5312
317 5844
467 8091
4101 8177
1945 5125
3492 9873
1832 6738
565 8667
1044 7848
413 6769
2496 9335
492 9913
3819 5523
2727 9673
4550 9891
1438 9743
4188 7352
4692 6239
3208 7873
3707 5775
1915 5391
4311 5420
1305 8906
4731 7790
2689 9981
3285 6207
2384 6478
3786 7319
2101 6245
1150 6219
2193 9577
1356 9400
1652 9516
4654 6344
2562 6369
4016 8012
4281 5100
1183 6035
4955 6993
1790 9808
1187 5255
2298 8142
4346 8410
2770 7021
2605 9530
1835 8102
2441 8493
2933 5508
2831 7041
4416 9319
3299 9835
2367 8884
2859 6290
1064 5293
3881 6076
3037 9388
1852 8041
2165 8071
2164 5184
607 5697
2358 8023
753 6060
2098 7592
3438 6943
1223 9878
1347 8806
3312 9078
1070 6985
1058 5300
472 6726
1250 8489
390 6447
2278 8288
2241 6622
1203 6418
4294 8646
3179 6729
4633 5929
1836 5322
1246 5548
940 8621
4003 7215
1334 9226
2168 9302
245 9895
3444 9730
3351 6486
4918 5528
2728 8789
2679 6028
4043 5303
2192 6361
4549 6984
3104 6381
1144 7277
2563 6161
2805 9640
753 6976
1502 5425
4036 6464
92 5107
744 8077
1451 6508
52 7117
1705 9295
4099 8366
1898 9292
1846 9541
3888 8950
1766 5313
2704 5623
1307 6665
3351 8331
2822 5443
4325 6621
255 9175
1081 9497
3769 7417
325 6924
2099 5015
640 9437
4822 9935
3963 7965
3519 5660
3934 5976
3512 6015
1685 9087
4926 8523
2 8561
627 5198
2354 7674
2242 8585
1943 5290
3126 7838
4304 6909
4788 8724
3215 5440
1844 8550
3106 6262
3414 8688
2323 6096
1768 7713
298 5084
2248 5247
4396 9318
2952 8223
4315 8159
4944 9988
3612 7954
2298 7836
741 6500
4424 5390
1074 8678
1399 5747
4589 9769
496 9626
1260 8357
89 5686
3830 9104
246 8060
3570 6087
4640 7093
1376 5838
4846 9640
1434 9100
1052 7270
53 8611
3604 8754
2931 7394
492 7635
2903 8061
542 6823
3772 7616
4416 5268
4624 9358
3507 8798
318 9579
449 8440
2096 6347
899 7610
3450 5912
1553 9831
4981 9077
924 8817
274 8218
3179 6264
812 7310
177 7145
2780 6720
3228 9212
1126 9706
1822 8648
2284 7946
1551 9974
4079 5723
1737 7296
1249 6356
2808 7963
2398 8094
3008 6259
74 7692
1111 5672
1486 7813
1463 6784
3741 9027
3695 9361
4154 7200
1802 5212
3554 5141
322 9026
2925 9828
3702 6177
81 8299
2071 9723
3757 9654
2761 6223
1469 6268
2542 8220
2204 8965
1918 5858
4874 7799
3109 6024
3681 7918
3417 6137
965 6459
1569 8165
1281 6227
4548 5648
4012 5902
1952 7212
3873 6339
2654 7104
1758 9150
740 6951
3065 7688
141 6975
4416 9696
4154 8638
4503 8895
3703 9167
3398 7794
1872 5847
4745 9996
2042 6763
3830 9807
1352 8233
3539 8414
1520 5244
2952 7545
1606 5796
4218 9891
1909 5586
2190 8134
518 8779
1252 5632
4977 7888
3747 5927
3504 6677
1671 8104
4593 8804
1900 9650
4827 8918
4781 5136
2336 8555
1513 7120
902 5915
647 6711
4542 6530
1923 6738
636 8068
2834 5946
2341 8916
4163 6785
2925 7446
2383 7645
4671 8134
3760 9162
2107 6899
956 5144
4759 8196
4649 6316
3387 9779
1933 7666
2240 7091
2117 5799
850 9387
1669 8023
4675 5737
3981 9223
1538 5595
2254 5929
4303 7182
1203 8459
2728 9855
3252 9565
1494 9674
2149 8529
591 7204
2870 5256
370 8384
4259 6776
1986 7974
244 5155
4391 8492
1159 7732
1997 9276
4809 7731
1820 6698
3896 9054
3745 9937
2678 6528
470 7855
2930 8794
1254 7367
2715 9766
3883 6161
3341 9385
1039 6370
2757 7389
4697 5703
4770 9488
4909 5357
3549 6718
2657 6518
2026 7707
4750 5717
3782 9573
2567 9731
4049 9854
3288 7613
2647 9746
3725 9750
80 5780
1390 7042
1061 9721
2935 9086
2649 7864
3472 6943
4734 7566
1276 7524
4567 8657
4174 9490
1167 6573
4997 8519
1873 5070
4760 5879
4689 7126
1958 6877
4380 7456
312 8604
1763 7179
531 5356
2432 5827
472 7610
2676 5797
3723 6339
2901 7760
3513 5517
539 8177
3865 8616
137 9085
522 9658
4152 6112
2865 5378
1252 9517
3686 6489
4579 9091
4293 5317
215 9377
1803 9142
1553 7002
2556 6653
3645 5301
3351 5925
1210 6972
4820 7198
2279 5985
4995 7158
2918 5637
4923 8363
574 9636
2401 8210
2854 7531
4336 9689
3275 5676
3065 7780
2541 6560
1718 9498
2380 9783
2507 6047
3657 5925
4866 5370
670 8126
808 8010
3609 7358
1973 7740
3743 8554
4822 8908
2177 6364
4896 6410
108 6805
661 6582
4934 5628
4348 7382
508 5477
27 6229
3362 8586
4397 5593
2631 5574
3661 7982
955 9296
1603 8698
4324 7182
49 8353
1065 8684
2102 5746
4046 5192
2041 9277
1634 8304
2127 5009
1548 5579
3089 7244
882 8597
2326 8575
554 7680
2753 6974
1665 8698
3931 8064
1002 9382
4550 5297
2275 8783
400 9119
2400 6327
742 9053
1561 9324
4023 6331
4251 7250
2977 5201
3434 7892
3425 9881
1740 6170
1476 5965
1590 6949
2791 5106
2615 5372
504 6905
4000 5554
728 8727
1106 8310
2898 8771
3532 6095
2260 5186
2456 5963
3194 7822
4108 8654
964 9015
4641 5378
4410 9299
2835 7708
3187 7360
2622 6526
121 9857
1683 9832
4114 8636
2305 6693
4273 8474
548 7846
3311 5577
3608 6554
1499 6137
2517 5157
3896 9113
4703 9308
1856 5310
4254 5358
3532 6104
817 7968
705 6315
1745 8695
4811 6365
4972 9979
2144 7641
288 5306
4030 9765
3219 9553
2895 6369
1621 9686
1227 6136
2296 9593
2575 7852
3290 8757
3717 8920
3576 7208
1619 6904
1332 7475
3605 5856
687 7068
3055 5971
4696 5473
1838 6013
4057 5158
2851 5278
1685 5174
797 9527
418 6135
4623 6715
2802 8823
166 6580
885 6734
2143 8042
3338 5494
4430 5158
3426 9455
439 8632
4131 8796
1021 6599
3341 7640
353 6941
1398 9986
3941 9098
657 5123
4433 5591
25 9830
1077 8904
4095 7264
23 6595
2379 5391
1420 8314
4771 9483
4958 5422
3644 6101
620 8800
1233 5166
2858 5042
2070 6277
4568 6058
4482 5533
1915 6174
4387 8540
4179 8937
4190 8888
3468 9146
1056 8525
2831 7246
293 8998
2075 9461
653 7296
1422 7611
4125 9593
4094 7598
4433 5090
2907 8697
2947 8261
3719 8560
900 6728
3416 7493
3229 9836
3926 5182
4984 5639
4488 9926
3911 7026
898 6886
4759 6244
3726 6043
2373 6883
3813 5728
2064 6297
4953 6347
3955 9158
358 5704
4445 6890
4899 9144
4170 6401
3886 5307
4121 8169
3566 6442
78 7075
2345 5850
2544 8783
3088 9520
4225 5243
1933 6857
3372 8489
2225 7135
2418 7456
1575 9015
1769 5854
1336 5174
4689 8881
2315 9296
2033 6386
4987 5317
3707 6172
4909 8970
1173 9050
4334 9319
3114 9216
4392 7559
1900 5715
590 9620
2037 6128
1463 8996
4788 5780
1493 7896
2703 5833
2966 6689
4537 7154
3839 7741
2672 7325
1796 8858
2835 7623
4258 7056
4958 7178
1757 5323
4683 8743
2766 5956
2610 8189
1436 7282
3792 6818
1930 5109
246 7706
4406 9950
2429 7592
480 5731
4182 9478
2123 5557
2155 6370
1804 6164
3446 8774
4767 8021
4810 7223
16 9501
4747 8456
2059 5122
1487 5759
2319 9752
4713 5400
1867 8862
333 5314
3177 5715
1068 7331
1775 9875
4879 9535
1974 8406
4925 7190
84 6916
4141 7533
2355 6645
309 9374
1990 8875
142 5933
4683 9002
951 9227
1504 9988
2687 8504
79 5577
167 5181
1473 8447
81 9051
4850 5682
2406 5834
3633 9992
3310 5897
3755 5397
3414 8192
2899 8099
2353 7438
1696 6996
520 6147
2554 7363
4745 6794
768 6658
1925 8590
4503 9956
2669 9715
2052 9370
463 9999
1027 8662
1496 6848
970 7185
2207 6366
2553 9475
742 7941
2804 8638
4914 8366
2466 9105
4588 7027
1029 5402
1084 5775
4269 7158
1565 5758
2499 9303
2802 7362
3570 5447
123 8970
1904 6567
394 6268
1578 8957
3671 6926
4092 5488
3858 9991
2640 9480
2636 8602
64 8619
660 6396
4365 9156
4571 9535
1402 5481
81 5006
179 5744
2533 5285
4484 9314
1490 8295
4752 7067
950 8847
1620 8674
798 7497
2163 9264
2344 9441
4043 5447
2663 9951
270 5951
781 9622
4197 5188
95 8182
4897 9495
3619 9940
1035 7414
4654 9420
3805 5168
1100 7313
3241 6898
2738 8200
2297 5332
4184 6504
4767 5814
2273 8948
4556 8641
4352 8410
4841 6357
2517 8289
2844 9481
2501 9673
1198 6652
1897 7122
1927 7004
911 9323
2704 7326
4715 7944
1746 9765
2082 6776
3982 9125
4842 9535
2519 8061
137 9292
2227 7883
875 8521
3116 6257
1587 5980
2101 9193
1188 6757
4881 8414
3117 7391
4467 8123
4358 6260
3745 9511
2176 6222
1934 5439
475 5593
2542 5033
2332 5615
4310 6496
1898 9063
3143 8744
2320 5028
4511 9384
633 9285
104 5726
1312 6963
3487 7551
1892 7927
4790 7289
504 5607
590 6289
276 7313
2396 6019
754 5636
2577 5893
1445 9734
2174 6052
1169 7919
324 5518
3323 8568
3519 9253
4186 6727
3986 5088
3926 9973
730 6239
4648 8752
831 6108
2992 6829
4792 7372
3196 6601
2140 7274
4454 6503
1928 9360
4368 8295
14 8948
2366 7700
970 5755
3393 5297
1225 6308
2060 8424
2527 9150
1959 5494
4646 7949
4585 8765
1627 7400
4032 9719
2639 5549
175 8020
69 6257
1571 5281
2120 9069
3868 7555
4812 7569
2982 5817
3581 9655
2778 9934
4122 6481
1854 8057
4045 9646
2384 8177
2885 7884
2557 7865
618 7783
2540 5904
4784 5561
657 9818
1147 8620
1347 5571
1708 8678
1944 9166
4220 8235
1765 6116
3334 6866
3724 7070
2783 7478
4497 8847
4222 5195
4480 9890
3600 5320
4235 8355
634 9360
1130 7741
786 6910
2405 6689
2930 8896
3340 8875
3974 5371
2876 7721
4680 6545
890 8360
3216 9846
3956 9268
2600 7474
2796 8566
1655 8149
3709 5096
2185 8360
4956 6281
3625 6659
4893 7684
3639 6847
4943 5001
2826 9101
2530 5581
3463 7335
4080 6414
3124 5925
2920 6481
1074 5975
3012 8311
2644 9978
4482 6073
2589 9125
4153 5936
2373 6527
4382 6611
191 5590
1466 9391
529 9652
2642 7595
3543 5125
1119 7384
4078 7358
2102 9764
1126 6503
3433 7782
4369 5405
627 9514
1016 7313
163 5518
4371 6146
3967 5147
4397 9994
4302 6784
2215 9850
4085 8817
2030 6143
4065 6261
2919 5663
975 7705
321 8236
322 9488
4232 7235
1920 8266
2927 6517
578 6858
4581 9148
2079 9884
3680 8707
2365 5753
1911 5384
351 9452
4507 5788
1245 5580
4544 9894
1542 6418
600 7895
2645 5288
1396 9228
3009 8472
1268 8946
146 5144
344 6651
4248 7194
2295 9258
4284 8475
207 8758
1002 9855
656 8109
738 5635
2662 7384
115 9071
3129 5216
4139 5458
635 7067
4853 5702
3336 6291
1142 9528
4056 6166
2479 9190
3265 8129
4008 6633
1141 7722
1658 9758
1721 8463
2764 9445
482 9148
3440 5358
3796 9360
509 8624
2884 6743
1017 8182
3182 5026
4594 9983
2310 8052
2766 8458
218 6977
2000 7029
4688 8686
7 7048
3514 5773
2439 7815
2534 6566
996 5820
3821 5565
3909 9536
4875 6270
2905 6159
1838 8105
1559 7954
2783 6149
1937 5627
4953 6282
2588 5450
869 8549
3404 8138
2336 9852
3207 8732
2452 6636
3854 9137
3922 8283
4121 5352
789 5390
2338 9886
4356 6504
917 8071
3192 9570
2469 9684
1298 8530
2304 9121
2271 6482
1414 8419
3603 8865
3698 9515
148 8161
207 7034
4648 5759
4526 6072
235 6645
876 7426
1702 8146
817 8590
433 8622
3744 8905
1483 9522
3034 7700
1394 5746
2235 8381
2942 7157
2820 9576
3394 9584
2564 7029
4928 9091
626 6906
3912 9024
3006 8488
148 5462
1648 8704
1983 5813
3264 6677
3969 8955
4346 8595
3408 9935
3103 5432
4037 8286
3103 9210
3033 6862
2638 6903
2143 5654
292 7740
4093 5238
2208 6365
3652 9064
2185 9606
2805 8324
3729 6620
4934 9383
4818 7633
4226 7086
1969 6495
1893 6696
1728 8387
4997 5502
2603 7215
108 8772
4202 8231
1795 9723
3459 8244
2617 5265
488 9709
4525 9963
1158 5104
3673 5079
4692 7997
2498 7720
1158 7247
1788 9381
835 5965
4051 9499
3445 5819
3334 6480
602 7520
73 5198
2360 7606
1143 9082
1264 6167
1245 7827
4492 7165
1766 8679
1868 5004
3155 9331
3558 5622
487 9311
4023 9942
4403 7805
3645 6849
3436 5452
3075 7775
3607 9151
2562 9806
807 8255
2981 5732
738 7199
901 9432
3001 8911
4273 9070
3530 7636
2589 5572
2817 9350
2004 6322
4638 9917
3854 9050
3196 6868
3478 5801
969 8371
147 6033
3955 8741
4280 5822
4225 9767
1195 8011
1746 5133
3055 9803
4817 7729
938 7907
2179 9544
2962 6351
2403 6169
4348 6902
1667 6751
4797 9024
2880 6014
4444 9643
1393 9801
1452 9350
4954 9265
2636 7391
1720 8371
189 7036
3090 7361
975 7659
531 5342
3672 5969
4258 5589
3522 8695
4220 9866
4043 9250
4786 9006
1116 6053
755 6490
4790 9369
629 8383
1287 8275
4225 7561
3160 9280
573 9261
1582 6761
3094 9350
3239 5680
1888 7812
3657 8563
920 8356
2728 9145
4844 5573
4547 9191
3200 8584
3520 5793
4813 6135
848 7137
2958 9820
1218 9465
2936 8495
2325 7991
504 9096
4227 9809
4774 8470
3164 8808
4099 9949
1657 5077
169 8595
3943 8442
4748 8885
4399 7136
3843 5431
1942 7665
625 8672
280 8061
1692 8638
2142 5931
3247 9012
3954 8287
1148 5919
944 5787
4822 6517
1880 9850
1428 6971
21 7738
392 7899
2834 6397
4924 9070
2419 6058
55 6792
2023 9922
4580 6937
1956 8503
4649 7279
515 8008
785 6420
4820 6342
4470 9853
3916 7151
477 6640
452 7988
4881 5082
472 6563
1372 8464
477 9068
2294 7852
680 9058
3741 8658
2558 8549
4616 7596
3567 6696
1246 9080
1988 9913
3961 9232
2303 5596
4534 8865
4694 5719
2250 9750
4577 6611
1285 7097
1152 5666
3939 7732
3498 6079
3462 9739
802 8676
2980 9504
3345 5156
52 5622
3619 8535
251 5840
3526 6579
77 7863
1945 9516
2941 8421
4199 6129
3204 5953
1673 5760
1332 9389
2342 8998
3464 7285
553 9792
1681 5557
1590 8916
3448 5953
4567 7275
3209 8271
2079 7025
2866 9770
587 5519
3739 5221
3096 9289
400 7223
1958 9675
4224 6714
4060 9167
2258 6332
1339 5515
4402 7102
3758 7618
3854 5503
1783 7108
3721 7867
4464 6549
235 7850
2604 9045
2955 9160
3051 8530
1165 5827
1252 7399
1272 6075
4897 7871
4198 8127
4345 7859
4013 5898
3528 8773
1326 8134
1535 6447
3868 8559
4929 6499
53 8193
1711 5056
539 7285
508 9544
1552 9853
3834 5303
2582 7424
1362 9296
3508 6691
1258 9205
4796 6371
3695 5711
2636 9892
2407 6068
483 9196
2476 8467
2086 6374
2452 9355
4785 8773
4471 6455
3921 6407
3256 7895
2970 5768
2177 5594
3364 5877
2365 6223
4479 9130
248 6625
4851 9240
3036 6628
2882 6833
607 8059
2754 7930
4445 9765
4801 6742
1448 6913
864 6607
3334 5241
1747 8823
2703 7171
1689 6076
2946 5799
4121 5990
4570 8313
3579 8490
2245 9400
4939 9022
4370 7006
475 7881
328 9871
2251 6394
1962 5193
4385 9926
963 8370
4130 9702
2373 5880
1489 6106
3106 6482
1173 8736
4604 7509
4558 6184
4648 6866
1908 9523
1837 8280
4780 6699
4846 8907
1653 6242
1208 5645
3610 8257
964 6897
2549 7995
1882 7099
3305 6518
2317 5549
2246 7605
821 9198
2215 5326
4562 7841
2602 9181
1893 9187
3889 6761
2026 5249
1958 7864
3045 5984
706 6771
4951 6109
353 5324
4364 7942
4451 8990
430 8708
3534 8206
3473 5432
1433 5257
3664 5347
3122 9760
3880 6835
2467 7447
1937 9157
2971 5063
548 9354
3490 7608
3981 9535
4828 6364
4245 6838
827 8934
135 6740
1424 5765
4518 9376
3890 7287
4838 7855
4372 9246
199 8408
1143 7791
4555 8902
418 6870
1011 7482
758 6440
1826 9117
3165 6050
2350 9816
1171 9331
1707 7044
4384 8140
4423 6560
1816 5128
48 9983
2147 6429
2894 9651
551 8697
1186 9069
1838 6464
1421 7966
1092 6685
1381 5424
3142 6839
2842 8318
3133 7283
582 6964
4430 6319
4427 9483
4650 8223
1303 6547
4413 7480
19 6049
3486 9162
3698 6218
171 5714
3467 7309
438 7660
4838 9300
4842 5935
2710 5178
4236 5532
1458 8412
3992 5462
4738 7651
4635 6341
2568 9785
3151 5014
4216 5496
4516 7310
1148 8467
1126 9685
2627 9276
2326 8425
4816 6032
4944 9635
22 9927
2503 6048
2022 9020
3674 7534
3445 9535
4089 9425
2169 8800
2969 5234
1989 7474
2903 6512
3440 5352
1267 6789
1460 5389
1701 5919
4544 7362
3894 8136
743 9289
402 8929
2492 5761
2479 8365
4300 7049
2504 8298
3434 9797
710 8109
2033 6488
2689 7241
3093 8555
4559 5648
241 5578
80 7193
4219 9452
2689 8662
4967 6384
1287 5180
854 6089
2888 6522
3027 9640
392 6375
597 8199
143 5098
2659 9598
1226 7242
2559 6612
2229 8224
2088 8663
1700 8380
3149 6669
2145 9647
2799 5683
3603 5625
2254 5472
4257 7805
1705 6243
4874 5679
3776 7876
189 6688
4838 5438
981 7357
1475 7920
423 8632
3578 5214
4528 8642
1395 5667
466 5913
3655 7977
3856 6848
2883 6282
2884 7915
4330 6402
3235 8763
525 9091
1818 7105
1882 6555
1407 5885
4776 7407
445 7368
4272 6462
2404 9076
1542 9175
3018 9717
1785 5691
1176 8591
35 9408
2488 9081
4863 6374
962 8832
190 9678
851 5796
499 6900
1224 8752
306 5700
2877 6581
3630 7019
2806 7591
740 7194
3561 9565
3811 7596
2229 9585
3619 7056
489 5763
724 6825
2545 7341
961 5171
1253 9644
3694 5999
1727 5707
4350 6265
4312 8239
4368 9812
4355 7874
4224 9820
3218 5077
2862 7958
2895 8180
2745 7759
4934 6880
2357 5752
4747 6478
4144 8416
1034 5678
4273 5832
1328 5057
2430 7999
4893 9334
2881 5978
1343 5612
4158 6315
4016 6520
3308 5177
844 7406
1511 7338
4170 5052
2852 5910
1852 6241
1016 6631
4388 8679
493 5157
2462 5097
2365 5810
3066 9620
4342 5972
311 9729
433 7801
139 8544
2258 5586
4041 7571
4994 8626
610 7284
3696 9309
3413 8815
1848 5842
4001 6028
3796 5592
1575 6085
3627 9097
1361 6191
4727 5178
270 7992
152 7612
2779 6561
4596 8300
3817 6638
1740 5358
1824 5751
2344 6093
1109 7496
2561 8843
2957 9265
4866 7939
4100 8124
2236 5016
704 9239
2603 9171
4373 7561
1284 9871
283 9444
1520 7945
1823 8457
2874 9893
1354 7471
666 8636
3243 7378
97 5145
1182 8531
3584 5157
564 7081
4417 8518
1344 8177
1221 7489
4014 6611
4585 9055
1696 5315
2200 7716
2846 5104
2508 6591
2669 7233
4971 8289
4453 6458
3427 9940
874 8403
4447 5018
4416 7669
4563 6855
2265 6411
120 5579
1024 9739
4220 7496
2317 7096
1660 9582
432 7129
2612 5261
1958 5877
1897 5251
834 5368
3607 9781
2589 9217
2096 8280
2770 8215
812 6184
4060 8637
953 5224
4403 9275
1629 6144
4150 8258
2609 7941
4731 7726
3855 6336
348 9503
2834 6424
1710 9862
1949 8237
3520 7608
198 7188
12 8291
1578 9328
2035 7726
4729 6727
3693 5574
1917 6062
944 9983
3415 6109
2019 7227
28 5473
4593 9838
1256 6932
3527 7977
989 6084
3336 9111
3470 8512
4104 7342
4053 8906
697 6528
4852 9304
434 5060
3883 8638
4398 8624
4414 5561
570 6315
1324 9179
1675 7965
3474 9415
3839 8769
4321 9364
2864 6108
2301 8341
3783 6566
3326 9567
2576 9717
4749 7096
3211 9499
4569 5695
1699 6802
3052 6688
2141 9568
3449 7485
1922 7147
4049 7011
2778 6632
3197 5991
1938 5146
2962 5652
4715 5875
3772 7550
345 9440
2543 7152
2622 7873
408 8148
1404 7360
1099 6023
3073 6593
500 6940
1782 9801
1679 7628
774 8467
4663 6110
3559 9545
3213 6605
1712 8966
2586 8501
1414 9379
4286 6701
2672 5298
716 9523
3017 8460
3396 9346
1855 8625
3957 5385
1927 9428
2313 6660
4884 5751
2799 8273
2452 7972
17 6673
1577 5864
3581 8620
3438 8977
4896 5830
3205 6031
729 6419
4733 7909
1171 9365
1461 9554
4595 7980
3616 7217
2078 6647
1498 8428
3069 6547
2979 8822
1336 8916
1209 9758
1640 8846
366 9816
3285 9322
338 6231
3599 6207
3596 5415
4013 7893
72 7227
3529 6221
3687 5363
3679 9589
2971 8085
347 6629
686 8535
2804 5208
1272 9487
2318 8320
1332 5077
1940 6450
4045 7273
1378 7702
3117 7916
1932 6399
1355 8470
2715 5197
655 9096
4050 7865
198 8498
4463 8783
4395 5562
4720 7993
2113 8850
3040 5609
4955 7867
3432 8370
3086 6931
1411 9584
4103 7977
2750 9094
2593 9652
3189 7321
4897 8975
3640 7711
467 5533
2218 6848
978 5972
882 8995
2798 7550
353 7708
2136 7192
3361 6303
1191 7448
2510 9260
479 9594
3154 8108
4269 5527
4027 5281
4803 7813
566 5319
1791 8004
1666 8420
4662 7679
257 9125
1308 5672
4568 9109
519 5459
581 7564
3794 9046
3082 9812
499 5998
3416 9896
1338 6060
1654 7862
378 7695
467 8185
1954 6457
762 7241
3131 6889
518 8580
291 8496
4437 6763
3174 7581
4539 5456
4598 8875
4546 7797
90 5311
3853 7444
3530 6344
3623 7708
4903 7581
1568 9267
1175 9691
2021 8604
220 9466
1027 6738
2133 7097
415 9133
3480 6642
4515 9160
1597 7248
303 7829
3624 9639
231 6704
3365 5592
3644 6399
2315 5535
4409 9611
4210 8115
1175 5006
675 8326
1349 6673
2098 5047
3834 9979
1391 8227
149 7994
2161 6723
3187 7800
4144 7146
3190 5327
3342 8510
4456 5739
1662 7276
315 5457
3922 9544
3429 5593
1822 7003
2390 6890
3963 9633
4489 6202
4401 6251
1841 8649
243 9854
908 8628
3679 5834
601 5809
2147 5547
2667 6524
2796 8393
765 8358
943 8345
359 5278
247 7606
3644 6072
2704 5698
2340 7284
2830 8769
1418 8223
622 7028
51 6199
3166 6592
3241 5395
4502 7292
1064 6509
440 6625
2159 7526
1291 5565
399 5311
1733 9796
4922 5117
1702 9092
155 7604
4387 5825
211 6363
4933 9232
2246 9907
2447 7949
2001 9248
2623 6975
310 6170
2246 7399
1675 8647
3071 9072
1874 5051
1555 5381
1820 9833
4913 6341
3960 8254
4824 7493
429 8331
2030 6242
3749 7717
1871 7923
2657 9925
4123 5105
2477 7351
2048 8810
2306 6239
725 6928
3677 9974
4424 8232
1698 5726
2567 6224
284 8686
3062 8080
1087 8233
2721 5592
3121 5609
4323 9750
1650 5868
2240 8447
2645 5154
3648 7402
3191 9583
4838 8539
3936 6006
2695 6300
2979 6273
1656 6945
2499 5021
4852 9525
1605 7328
3044 9401
1727 5930
2202 5908
913 6173
1844 8479
1165 6170
614 5606
352 7802
4513 5527
2329 7630
4823 8961
1069 5509
1566 9831
4045 7074
3587 8488
4181 8048
4676 9278
3211 5832
2011 5115
3351 5909
4613 8957
1894 7760
3299 5261
2102 5676
401 9665
2547 7062
312 5147
351 6687
747 6552
1297 8829
2992 6051
3320 9618
311 5457
130 7100
3908 5563
185 6530
2899 6032
277 6441
205 8708
862 7268
1578 5240
1583 6685
2220 9154
214 6060
3615 7772
3682 9700
4248 5035
150 7237
3086 5299
2617 7230
447 7217
4502 6738
3666 7115
4822 9874
320 5824
2149 9951
3179 7939
1751 6120
387 8165
4442 7407
407 6652
2616 7033
4844 8749
1874 9013
3904 7841
4155 5476
4988 9253
1843 5335
4629 7323
2296 7146
4719 7548
2305 8083
3225 8059
626 6547
922 7969
3183 7899
4854 7018
2334 7944
221 9620
213 7018
1859 6713
1665 9669
1119 9710
1928 8568
2121 7612
1192 8495
1809 7869
3408 8454
375 7480
3875 8147
2609 6435
302 6044
1395 6406
800 5583
1078 6807
2224 5998
1215 5075
1194 9126
1844 8919
1749 9400
2264 9645
3421 8230
892 8757
4057 6565
3451 8254
924 8156
4523 9791
171 6506
2946 7733
4214 9048
744 7075
3860 8796
4465 5054
529 6923
646 6961
4029 8391
902 8686
425 5146
4166 6966
4041 8510
4326 5821
3519 8289
4726 5096
4944 8297
841 5073
3652 5107
3602 8124
3434 7618
1870 9189
4003 7531
2745 8477
3522 8749
3024 5555
1031 7353
3207 5117
1313 6449
1330 9671
2921 7596
4020 8110
4839 8907
1149 9091
4079 9420
2596 7202
526 8041
3399 7735
4091 6451
938 9989
982 9475
979 5261
957 8129
4423 8666
2682 9642
2586 7099
1459 9238
4696 5024
677 9475
3006 6659
2062 9796
1054 7848
2970 9847
3383 9434
2613 5287
4296 6106
2186 5955
3164 8296
4421 6142
4744 7394
1941 5468
1590 9009
2219 7808
3928 6557
4585 8091
3146 7046
2373 5022
4923 7017
2358 6028
3167 5453
414 6958
1961 9635
1540 6424
1489 8095
3218 5888
2417 9019
1093 8076
3647 8008
1548 6002
4810 7976
660 7035
3185 5552
4899 5483
4097 5995
3759 6281
3459 6795
4652 9001
1654 6957
2530 8160
1145 8999
1781 5450
3669 9512
462 5054
2937 6471
3308 9777
212 9200
3287 6711
2765 9906
1064 5096
311 9721
2244 7917
1493 5545
443 7855
565 6903
2185 9290
77 7551
1335 6533
4508 8832
520 7884
2814 6055
1239 8734
4255 8982
2205 9565
3873 8018
3955 6155
2089 9268
1949 8478
1846 7632
2405 7520
4619 7912
1946 9592
4416 8447
1487 5294
576 9990
1421 9501
3274 7117
204 6221
3383 7923
3151 9902
2445 7307
2076 7964
4769 9974
1581 6343
3444 7252
4917 6365
4983 7864
4273 8713
3718 5249
481 9047
2247 7369
3300 5420
1681 6998
206 5294
2587 5119
170 6195
789 7743
3950 8524
1774 6542
3193 8640
774 7723
2097 5080
2522 9016
3322 6274
4152 5622
1117 8109
4176 8961
324 7890
526 5548
4520 6010
1974 6080
165 5777
635 7642
4412 6957
2788 9281
4014 8720
2301 5165
4189 8231
474 8771
116 8081
2540 7219
2658 7127
1272 7987
523 7289
3363 5484
3169 8028
626 6115
4842 6040
1975 8135
3214 9717
1966 8809
3372 5590
4253 9183
291 6769
2355 6799
3590 7776
831 5373
4932 6439
4123 5107
3089 9145
235 6568
3905 7694
2087 6868
4764 9158
4951 7113
3583 9806
792 7048
2537 8768
86 7953
937 8505
2915 9992
2650 6971
1751 5144
1843 6812
2691 9287
4410 7748
567 8513
449 9126
878 8315
3567 5833
198 5410
708 9659
945 8201
971 7533
704 6160
456 5113
1512 9942
2160 6807
2670 5489
68 9654
4572 8864
3168 9460
4869 6567
2182 8634
901 5395
2487 7273
2500 5619
1066 7481
4760 6095
237 9697
4664 5679
476 8463
2887 7705
2667 5107
1281 9304
2640 7764
2250 6821
942 8037
2530 7603
2074 9913
4225 9444
3284 7204
413 8547
3487 8797
2711 7810
1123 6045
1059 6523
779 9210
1320 8436
1610 6198
2924 9967
1681 5244
3130 8517
2955 8296
1840 5928
2540 6754
4448 9338
2090 9038
1416 7646
3412 9928
1446 6450
37 9975
755 8241
29 6495
1971 5226
4368 5731
357 9267
4955 5085
253 7341
2355 9078
3848 9073
91 8889
2944 6184
1601 6603
2922 9101
4664 9573
3063 8745
1883 7361
4657 7271
4472 9777
3276 9173
911 8871
2519 7648
3894 8107
168 6572
4164 8874
130 9368
2277 7844
2842 6309
2395 9316
820 8375
2141 6390
1266 7226
2043 7804
2633 7369
3828 6217
875 6735
2197 7650
3580 7343
3747 7413
4462 8029
1076 5042
4349 6409
2901 6534
818 9244
4494 9086
4426 8738
4236 7073
43 5880
3948 6999
209 9909
3797 9972
3392 6225
4713 6351
3003 7058
458 7679
4054 6594
2706 9217
2821 7620
820 8382
1055 5611
453 8276
4380 6852
818 5031
2737 8520
877 5128
4688 6722
657 7823
1708 5987
426 6740
1096 8599
4411 9939
3909 9286
172 5022
2600 8590
2861 8084
1744 9502
1538 9591
1882 5236
3298 7970
2034 9829
1652 5265
3367 7890
501 5864
353 5273
3383 9086
2586 7878
618 5218
3773 7606
2319 5804
1010 8189
10 7703
3721 9812
1175 6367
304 6954
1283 6993
2941 9470
1993 8128
842 8364
967 8300
3364 6362
3498 9655
3590 6364
982 8603
2085 8098
3117 7006
2467 5842
1303 5332
3469 5163
2987 6269
685 8457
4838 9468
1178 7335
1802 7322
176 6629
2188 7887
4586 7590
470 5836
4336 7806
2461 9914
1026 5312
1175 5536
3941 8159
3477 6401
3461 8578
471 6557
3764 8505
3488 5957
3797 6634
443 5617
122 6689
4659 9663
1632 8358
1141 8962
3846 7504
4352 7743
550 8796
3590 9496
1118 7850
3339 7663
3016 9096
1572 7751
3351 6702
232 8253
2733 7066
1819 7954
2420 5439
1742 8362
3484 8861
3226 9403
2012 7282
3064 9495
4754 9719
2368 6822
3720 8413
504 6385
2399 7510
2228 8366
2682 6862
4536 6700
1902 9527
4447 5776
2316 9036
2930 6091
3938 5670
3855 6262
120 8404
4259 8159
2895 8387
2581 6910
3705 9839
4563 8811
4338 7427
2730 5570
199 7472
4774 9588
3713 5398
3684 7386
968 9067
1773 5427
1057 7757
1238 5970
3645 5341
4296 5883
555 5387
214 9148
3363 6185
1443 9944
1520 5363
1968 7443
819 7492
2723 6128
3272 5521
3536 6450
3540 6999
3689 7259
3494 8441
4245 9899
196 5688
3154 7257
3798 7931
4490 7763
3140 7094
1678 9034
2270 7463
3555 8949
3022 7751
1347 7505
1185 5882
2374 8353
1240 9628
1420 7883
1875 9999
1815 5518
737 9606
3416 5291
2814 6139
4020 9991
238 9783
3298 7934
967 5735
2463 6453
203 7041
1565 7628
2479 6896
3713 9057
4383 5461
443 5681
4288 9999
3881 9646
4139 6655
2709 6398
3765 6079
1418 9420
2219 6948
3001 7757
433 7512
4987 8059
1584 7988
2853 8955
3638 8254
902 8463
2849 9708
2412 9594
1157 5646
2341 8933
4615 9153
729 5822
559 7013
4732 9425
1527 9589
2941 6588
1298 7587
1347 6245
2934 7677
1886 6138
3016 5542
704 7457
1532 5548
2412 9881
433 7125
759 7017
1866 6818
1402 5563
57 9938
1304 7580
2597 8223
2677 6761
1873 6611
3304 5505
2565 9441
4165 9597
1932 8640
4942 7646
1179 7597
4463 7774
4515 9289
301 9951
482 5378
4179 8141
1254 7199
2957 9468
3347 9787
1323 6577
2430 8340
211 5631
1438 6274
482 6113
1860 6200
4668 6029
4018 6824
300 9939
4823 6248
3117 6333
223 6485
3062 7093
3437 6256
3849 7551
57 8284
3171 5338
157 7194
3057 6467
195 9745
2167 7775
549 7790
74 6799
48 6775
2353 5503
214 8868
389 5862
2054 8975
3677 7876
2854 7187
2074 5247
24 6295
284 8661
2449 8494
601 8433
3574 9971
1984 5946
4227 8450
2393 7861
2259 8840
4605 8360
2559 8589
1354 5890
545 8584
2671 9285
46 5521
3591 7351
2795 6760
3407 7002
2060 8316
4488 7709
631 9644
1671 5128
3800 5247
2147 9725
100 6774
875 5481
4966 9833
909 8227
2171 6933
2721 9182
3545 8600
93 6119
3459 5176
2927 8642
2059 5035
4376 6998
2719 5266
1479 7679
2559 9093
557 9763
4066 7728
3630 8404
4973 8022
1155 6544
283 7819
1548 7901
2745 9229
2828 7999
445 6403
4929 6797
1256 5100
3499 9268
1007 8774
1265 8318
3198 8718
734 8853
1438 5464
3680 9536
4759 7781
4722 7637
4746 5434
1339 8046
148 5756
3957 5974
988 5130
1351 5560
190 8777
650 9136
847 8133
59 5881
452 8881
1950 9144
2700 5490
3638 9139
2708 5499
920 8494
1131 5660
2088 7360
397 5065
3974 5785
2428 8424
979 5741
2891 5442
1382 9232
3641 5119
4081 5319
3255 7022
4231 7569
4524 7208
1448 5245
4525 7284
4363 7296
4199 6936
2242 5635
2430 7587
2281 8374
1126 8566
1782 7124
401 7771
3565 8189
4843 9842
34 7299
1826 9448
191 6080
4159 8080
4014 8195
1056 5131
2210 6486
3021 9900
3448 9352
240 8161
4197 9332
4267 8832
244 9750
3802 6308
281 5552
4009 6724
2512 7782
3468 7748
4074 8991
444 5607
2500 6114
2958 8207
1342 7897
4509 5455
2388 5735
512 8781
4806 6091
3999 8421
1689 6921
4576 9058
4172 9602
3402 9398
4981 5808
2463 5746
1843 9510
4925 6772
306 8275
643 9451
717 6048
3067 6177
4218 8257
4575 8622
2596 8412
3096 9511
3119 8402
3553 5411
3616 7946
83 6356
1091 8421
4518 6834
3520 8264
2782 6379
3915 9465
2621 8920
2384 8617
1338 8418
4008 8331
1486 6276
3251 7149
4213 7651
1253 9387
4060 9325
1258 6979
4748 9608
2959 7114
511 7149
4913 5447
1743 6978
3991 9150
2342 6656
283 8393
1864 6692
3233 8340
2351 9197
1801 5740
4574 9260
4481 6817
1098 6620
1424 7914
3971 9082
2891 7240
3473 7527
846 9218
1313 8384
780 6584
746 9296
1724 9200
1192 8281
3600 6084
1750 6937
4544 7370
3371 5746
4105 5434
3237 6985
1072 8796
1495 8555
2572 5943
1888 7528
4636 5148
4389 6038
1310 7260
1940 5465
1834 8572
1960 9744
4677 7138
1388 7301
2697 5691
4800 8398
4985 9914
4566 5082
4600 8640
4214 7639
1687 7229
398 5265
4061 5507
186 9333
4574 9063
2398 8496
3383 7716
2253 6535
2741 6681
4054 8511
2256 7981
2553 8811
1093 8860
1710 7281
4362 9229
2717 7787
35 5969
1636 9201
416 5718
2446 8173
2409 5690
803 7903
3570 6013
2220 6659
2916 8828
3197 7108
4940 5349
4203 7052
3533 5408
1872 8091
3406 8346
1406 5858
2298 8413
3839 6952
609 9734
694 6216
4760 7719
2643 7776
1011 5030
286 9809
4805 6604
3833 6219
681 7442
1039 6904
3638 7280
4358 9473
4161 9710
28 9108
3511 8394
340 5758
1007 9719
1735 8896
261 9292
3711 7848
3862 6975
3622 8954
1547 5681
3843 6548
4788 8673
3647 8162
3368 6285
637 7052
2018 5524
1261 6533
403 5688
1706 7892
1797 9558
1040 9217
3258 5506
3384 9460
2836 6313
409 9502
1587 5940
431 7912
341 5792
2677 7608
2462 5861
4837 5658
4913 6955
1001 6051
376 6377
3414 7646
3585 6909
3173 5523
4258 7216
1736 5536
3076 8195
402 8133
4343 6506
1810 5478
264 7361
1701 7730
4424 9500
3371 9383
405 8167
2691 7707
3855 5505
796 8859
1557 6619
4335 7324
2196 7505
1078 9132
342 5165
1580 6341
3320 8688
3546 5783
2570 5760
4759 7808
2484 9780
468 8563
2872 8606
4468 7360
4929 8192
1761 8469
1486 9569
3891 9224
884 9501
839 8183
1759 5819
2951 6479
575 9370
3552 7681
3343 6665
48 9252
1535 8922
2874 6038
4025 6313
385 8944
400 6047
3249 9767
3757 7524
2427 5537
2202 6029
4825 9735
914 6429
2138 9425
77 6758
4900 7185
2660 8942
1106 8774
1420 9689
204 8519
4750 5493
4406 8143
2627 6107
4995 6103
751 6370
2380 7459
1666 8240
4397 9779
1386 9764
4159 9507
3237 5560
681 9107
575 9227
85 5129
3200 8132
2277 6801
4219 8562
555 7899
3092 8237
1575 8859
1693 6698
569 7857
651 5794
3659 7095
2538 8719
4871 5808
4180 8770
1026 6719
217 9077
3430 6776
764 7451
4557 8309
2047 6520
1270 9738
3432 8729
4893 6113
569 8341
766 6058
2220 9715
544 8574
2734 6125
854 7152
2821 9026
3753 9946
4475 7995
3366 6501
4954 5387
1367 6146
1805 7047
1174 6038
2098 7719
1669 7801
1972 8843
171 6975
1399 9790
2206 9660
2851 5750
2319 6975
2274 6867
3988 9620
2024 6214
691 7109
1169 5970
691 7494
2867 5535
873 5717
3981 7072
2887 9854
4838 6464
2241 8178
3008 9088
2849 6875
4917 6915
1667 9620
3855 9470
1451 6483
2640 6416
2005 9774
561 6183
2575 8428
3480 7854
3077 7158
3450 5858
324 9715
4597 5419
2856 9863
640 8403
236 7668
3904 6679
2092 8257
1788 7949
1645 7204
1155 9173
3548 9767
1471 9587
4941 8725
3358 5354
3952 9650
2136 5468
3204 5409
233 8589
3593 7379
2966 6758
2791 6397
3381 8217
1892 5454
4426 9020
2170 7231
3680 7800
199 8986
4743 9707
4992 7477
740 9995
4627 8300
2942 5214
4063 7385
24 6635
3405 7990
296 7903
554 9688
572 8995
1750 9701
3292 8899
2846 7149
1220 8810
747 9292
271 6720
891 7896
3628 5902
1944 7080
3894 7243
4367 6258
2082 8169
826 6596
1135 8504
3968 9624
4739 5771
1498 7045
2528 9747
2169 8381
144 8101
4767 8158
2840 8744
2891 5414
2988 9847
512 9152
4576 9938
1895 6578
3458 8751
2559 6269
4888 5130
2655 8792
2509 7691
1910 6555
2035 6770
3988 9212
1202 8003
609 6222
4566 6479
3720 5770
2275 8361
2101 6699
1335 6778
3096 8310
578 8791
382 8685
3173 9741
50 7621
4144 5729
947 8221
178 7110
3480 9183
2389 5441
2947 9805
3430 7557
4180 6637
3970 9336
4578 7568
1671 7583
2785 9002
968 5307
3419 6144
4388 6769
2975 9572
487 7870
2846 9795
2190 7264
717 7704
4512 9204
328 7872
4102 6159
1218 6277
4070 5461
1813 6414
707 9943
1292 8967
2105 6734
1020 9196
1841 7121
2035 9213
3054 8843
907 6201
3898 8708
730 9283
1153 6956
4415 9563
872 5254
3030 8636
1466 8108
817 5846
2537 7965
1596 5607
132 7857
4628 8116
4189 8417
784 7281
555 5495
2654 9684
2251 5134
840 6679
2370 6154
4278 6011
3309 9081
4114 7947
3267 5505
2404 5839
4647 7800
4023 5912
3440 8841
1942 6578
2195 9755
3657 9715
2644 9774
3854 8516
4434 8611
1640 7519
1248 8211
476 8713
1850 9821
3224 5715
1514 5039
653 8535
4921 7732
2556 5925
182 6871
2792 9963
1897 5883
1979 7502
812 5260
1556 5976
568 9691
4654 9871
578 5836
2929 8255
135 5371
4510 9739
695 7172
4112 9758
3710 5206
4532 5642
1278 9598
3277 9145
974 7542
569 7149
4590 5007
487 5187
382 8362
3880 7854
3196 8607
1436 9509
2501 6006
1007 6552
1928 7100
674 9571
387 7754
1947 5002
4654 8434
1843 9912
4147 7112
549 6146
2561 8825
2728 9512
2516 7690
4980 5432
2323 9709
3704 6155
207 9394
2815 8831
4629 8912
1717 9879
3818 6472
2201 9946
4152 9939
3366 8430
3280 6525
1482 6658
2412 5669
2274 5279
3831 5227
4529 9423
4727 8785
2877 6389
809 8880
2559 8130
3154 9623
3477 8239
2779 9678
2965 5980
4483 8689
4840 5900
2333 9208
527 5963
1714 6540
1366 5757
479 5203
4812 8711
3168 9879
3184 9685
2064 9478
1474 5078
3040 9316
4523 8342
2858 8785
3638 9903
2499 9245
718 7748
1785 7923
2306 8993
186 9321
4532 8376
3066 7287
1587 8155
854 5807
1309 9985
4809 7011
2984 8981
4871 7027
1800 8767
4389 7220
1181 7261
4714 8399
2173 9607
2048 8772
348 6470
526 5994
4981 7282
3682 9512
135 9197
1800 9768
506 9149
4648 9697
3376 7343
4458 5007
2706 5699
1751 7398
4374 6139
2331 8622
3456 7816
452 8715
924 6155
4060 8931
1856 5221
4009 7184
1923 5157
4599 8114
828 5659
1127 6988
4558 7906
2788 7215
967 7418
1770 6300
3684 5465
591 8089
3316 7821
861 5370
3869 9544
1830 8291
714 8819
2712 9456
4089 6254
4594 6794
1153 6923
2221 7723
431 6155
3360 6057
2345 7413
3813 5607
4599 6144
4835 6934
582 6233
2519 7935
1148 9011
3315 6244
3893 9846
1826 8850
4447 7061
1576 8996
4161 5257
4438 5244
352 9332
4435 5747
1241 5262
4461 7867
3558 9034
1152 7216
3435 9902
4988 8060
1996 5393
3740 5095
3074 8633
3278 5071
3117 8979
2778 6367
1460 5295
256 9618
386 9816
1367 8415
3617 9370
2815 7336
1462 6140
3932 7115
1129 6162
1981 9654
3853 5892
1391 7120
1181 6313
2629 9553
3666 5804
3685 5094
4119 9806
1051 9280
2668 5339
2553 9774
3762 5976
4432 5507
1454 9785
366 7263
2695 9428
237 6840
2682 6898
4501 9318
2005 8243
1799 7851
2194 7721
2314 6522
928 6155
4964 6515
4981 9298
2060 7017
791 7101
2571 5531
2364 7495
2025 7575
3357 8535
3556 6807
3956 7892
682 8349
4013 6803
4917 5477
189 9903
1267 6721
1549 6947
3678 5022
4304 5754
3235 6913
3991 6865
107 6882
3905 6718
3735 7036
3698 8499
130 5400
4274 9329
379 9027
4657 5972
3905 5435
340 9598
598 5956
4118 6068
561 5407
2804 9776
4056 8972
2895 9852
2887 8774
1873 5685
86 6422
3856 5363
4328 7213
2843 7938
4660 9953
4310 7138
4326 7991
2787 9902
2406 8001
482 6695
1330 7424
30 6254
4775 7679
4511 5948
2067 7283
448 7950
303 6984
4406 6190
2854 8791
2808 7648
2685 9331
576 8473
864 6366
4330 7179
4479 8859
1092 6317
4958 9915
2147 7764
3546 7870
4684 7664
4158 7388
390 6660
4819 6658
2958 5738
2866 9510
2737 8809
4681 5574
3007 6562
1382 5662
2885 7075
2132 8927
274 9425
3746 5808
4162 9478
2177 6237
2906 6502
257 5457
46 7036
2919 7683
4931 9682
1174 7910
4837 7173
2313 5875
2293 5340
4395 7289
1202 8892
1898 9266
3220 9934
211 8571
1447 5060
1387 9256
4548 9982
624 6287
1670 8645
184 8775
4779 6216
896 9364
1106 8813
577 6357
4893 9071
4538 9421
1269 8749
1896 9477
981 9767
1160 6258
2266 8193
2450 8751
938 5953
1476 9635
1326 7188
2923 5046
3379 6126
1665 9136
3873 8336
2848 9822
3696 9891
3913 6828
1279 9210
4844 7423
1978 7390
2939 8395
2987 7343
1735 7704
1537 9209
769 5060
2281 9064
4697 6411
3391 6530
242 7363
518 8704
1276 7339
2242 8619
885 5656
145 7412
1443 9261
289 6124
4578 6594
3480 8009
345 6940
534 6436
2237 8460
4526 5103
1336 5259
4153 5408
4234 8479
1563 9244
1060 6814
203 6752
3713 9322
1725 7614
2131 7513
3430 8064
340 8941
1680 6507
4133 5095
1473 9101
3855 9638
151 5672
4831 6623
1052 6939
4057 6451
2177 8385
692 9442
18 6861
1867 5135
477 5982
4503 8069
1091 6976
425 5568
133 5148
2044 9557
1806 6436
774 9547
1774 9711
3629 6143
2511 7634
3645 8781
733 8780
645 8671
683 6841
1870 6738
411 6802
2409 6921
4639 6016
77 7238
4859 5953
906 8473
2915 9724
3123 8921
4370 6969
19 8444
278 8172
666 9458
263 8254
4069 5281
267 5134
2370 8017
413 9793
2386 8287
3688 6421
4164 8850
3700 5334
58 9298
717 9093
800 7816
3000 7711
4824 9020
3509 9714
2718 6734
1296 8933
2159 7437
953 9597
2675 7707
4649 5448
2871 9605
4302 5646
4559 5711
3945 9688
4489 8138
285 5260
2992 9214
2645 7447
3966 7549
4857 9602
1 5926
3759 7861
40 6440
2631 7068
430 9687
4701 7043
1764 8526
2774 9423
2889 9637
3188 8669
1274 9959
3812 9056
2508 6210
592 9929
1601 5227
2055 6526
3864 5273
226 9307
156 6323
2823 5098
708 6027
3182 8277
4422 7864
2472 6645
1247 7628
2578 8021
1357 8525
4920 7885
3186 7686
4747 6309
1375 5506
2886 6650
105 8495
1561 8836
4796 8843
1534 6872
2448 7472
1382 8160
4345 7178
2107 6070
1650 9058
2078 8132
2864 9036
3632 5603
2986 5770
506 9214
220 5097
3286 7476
455 5391
2048 5812
1080 9567
3123 7828
2380 6378
3275 8391
818 7548
3863 9361
2860 7534
4052 5741
2272 5239
4819 5098
4755 6013
1957 5951
2480 5916
2188 8490
2269 5393
1134 7764
1161 6216
980 6131
106 7221
4340 9366
4881 6807
2052 9728
4679 5685
2723 5792
2098 9877
1827 7387
3743 5329
3164 6436
16 7994
4326 8035
1587 7617
2523 7517
2333 7547
1009 6275
454 7937
3125 8590
416 7036
3837 9751
774 6616
2355 6318
1963 5208
2034 5065
2958 5661
1852 9396
1900 5535
2401 5588
35 5968
3615 9339
362 6809
157 9154
93 9739
3576 9774
5000 6076
2431 9996
3625 8929
3769 9736
2607 9460
3286 5736
1667 8293
3308 8182
2021 6205
2852 7210
4197 6418
3005 7215
4582 5990
2907 9330
277 5956
2959 5780
778 9091
4425 9809
4613 8908
4330 6860
2285 7204
3434 6631
3671 7729
3235 9596
1139 8017
4383 6483
4798 8515
3870 6787
4484 5349
825 9936
1859 6538
4086 6244
653 9632
4022 9533
1943 9170
4648 6116
4337 5746
1856 9461
1000 6742
3568 7133
3617 5758
4397 6709
925 9096
1220 6004
2537 9468
1475 6512
1122 6926
3315 5946
2393 7415
651 7624
3586 8475
1746 9802
2492 9374
3567 6234
2341 6967
3429 5350
2176 7296
62 8572
1109 8930
4491 8185
3091 8071
2806 9824
2482 6110
2882 9745
4673 6266
312 7880
3441 5916
2307 5224
906 8567
787 9283
1193 5248
299 6033
1892 9797
2850 9979
3232 8201
593 9351
477 5555
3415 6926
1792 7329
4154 9822
95 5064
4171 6749
3296 5551
1861 9202
4279 9371
377 5108
320 6456
808 5270
292 9210
2942 6723
911 8191
3037 6745
683 8396
593 7027
776 7767
2984 9450
2551 7786
1726 8202
3415 5299
2279 9751
195 9356
4643 7819
955 7013
3539 5500
12 6999
816 9430
1507 9507
802 9716
4856 7860
9 7398
1006 8512
1289 8451
3032 5879
4017 5237
4473 5892
2908 5262
1957 6338
3011 9056
3952 8608
3170 9898
3668 6376
1964 6069
3862 9182
2347 9649
1158 7591
3604 7172
4375 5640
1286 6935
763 5401
349 7825
1757 8807
3559 5434
2309 9824
1280 9144
683 6942
80 9797
4093 6605
182 7233
478 6418
4342 8254
312 8929
2212 8721
1381 5285
4823 5008
4640 5852
2933 6959
4776 7436
3814 9560
2262 9234
3248 6547
3345 5669
4957 9612
868 6415
2842 7185
2719 6292
1476 8845
2801 7175
3396 8453
2533 9024
2117 7507
350 8974
998 8153
670 6546
2469 7989
1364 5974
4290 6685
3638 5228
3330 7633
1419 5751
2523 6324
2297 8110
727 7225
90 9021
3950 5859
1675 7488
4053 7168
167 5742
1541 7333
181 6241
4941 6678
3243 5610
4260 7858
4237 9722
3295 5420
4479 5312
4411 8341
2135 8826
3098 5772
2541 7189
2153 6516
3463 7688
3019 8562
1873 8165
3150 5404
1262 6791
2139 9944
1994 7124
2128 5508
4208 5886
3202 9210
2613 5364
185 6287
3773 9725
2419 7640
3177 9522
3056 8260
915 6453
3328 6040
100 6639
1637 5420
1999 9616
1482 9214
3923 8170
2204 6965
491 8382
615 8107
801 8886
3233 9188
4315 9057
732 7992
3566 5152
90 8485
260 8528
4809 5186
2581 7992
1522 6826
1493 8496
1116 9706
1164 8904
2855 9004
2185 8408
1660 5405
4673 9648
4772 8084
2899 9818
279 9206
4304 5339
2940 5607
1805 6171
1689 6196
196 9922
3477 7053
3941 7504
1352 7465
1201 7158
2051 6505
4813 6681
413 9991
1857 6208
1062 7399
3873 6181
4646 9175
100 8706
1563 9601
324 5813
3930 8877
141 5238
842 9235
2827 5537
3976 6604
3309 6732
512 8975
1437 9608
1635 5803
1630 5592
813 8649
2009 8171
529 9828
2569 7394
4130 8500
4727 5929
2161 6636
1823 9781
1773 8075
3061 6041
2316 8950
786 7173
4972 9400
3183 7628
2181 7640
144 7012
3854 8576
613 6784
2781 9807
172 9598
2215 8289
3878 6287
4152 8755
665 9843
4018 6854
2834 8213
1227 5055
1951 8296
471 9929
1345 7886
2094 5681
1874 5824
4691 7224
2514 8481
1551 7470
3963 9321
2643 6218
2818 9973
2667 7823
1031 8103
650 7557
31 6567
3208 9156
201 5289
3962 8638
4828 7486
972 9472
4967 9060
1935 6267
906 8250
2414 5591
1573 6286
894 7603
1899 8625
3247 8809
1276 5255
178 8542
3239 6090
4138 6760
2619 7836
91 9892
2842 5908
4416 9566
757 9267
2927 7511
2771 5881
2683 7416
4255 7673
180 8389
4007 7227
4830 6428
273 9343
3128 7434
712 7482
2774 9236
1003 5836
1285 8564
295 7920
3918 5815
2273 6808
2918 5558
1815 7961
1347 8178
2009 5296
1934 9192
2763 6744
4400 8127
3468 6678
3751 9380
10 6934
2540 7322
4965 9174
1364 5084
3153 5602
4770 9677
2342 8338
2320 8643
3163 9473
3620 9241
1256 8775
1553 7437
2472 5866
1185 5731
4385 5872
2435 6521
1726 9315
3189 7855
3443 6035
2250 9825
4209 8371
2838 9736
858 9108
4931 5646
2862 6485
2140 8703
1000 5493
4623 6288
1222 6652
1691 8292
2265 9414
4754 9286
114 7012
292 9304
2879 6999
4540 5540
3046 7430
421 9572
13 5796
4244 7354
4952 8961
4225 7068
688 8796
4768 7926
629 8445
1623 8673
4774 8971
238 8907
4170 5363
1209 5095
633 5381
2255 6800
4952 8799
3857 6797
3725 7453
4285 5410
2333 8297
187 6816
3216 5667
1588 5488
4798 9698
394 9945
1181 9913
14 5603
700 8495
1340 7215
318 6669
3057 9695
1916 5043
4437 9524
1374 5654
3672 5446
3154 7606
1346 8212
3865 8638
4937 9039
3331 8530
4162 5424
3123 5448
658 5455
4933 6235
3527 9341
1283 8946
1586 9631
1473 8080
2794 6478
4253 8702
3203 7196
3169 5092
2078 8136
89 8630
380 5656
2345 5712
289 5537
3573 6394
2916 6459
2803 5263
636 9407
3761 5993
2663 6541
358 8684
2824 9888
2684 9936
965 6104
844 8161
2618 7971
213 8108
2982 5231
1273 6871
3483 5039
818 8132
422 5565
3680 5913
4169 9234
1540 8775
2 7804
2071 5747
4104 6426
624 7725
4050 9668
3897 7645
4967 8162
1928 8851
4105 6037
4465 8046
3742 5295
636 6104
2856 9845
2173 9965
4057 7039
1471 5194
4146 6375
1227 6906
4132 5990
452 9935
1205 9321
2116 6472
3972 6677
2314 8151
3977 9783
12 7197
2122 9477
2741 8197
2868 7875
12 6345
215 6222
1545 8413
2515 5956
4434 8172
3804 9452
390 7318
2398 8965
4491 8569
2685 5274
3429 8296
447 6161
4869 5288
2607 8450
1925 7257
1866 8562
1574 8668
2016 8845
3065 5002
557 9976
3097 8165
4797 5778
4 9876
3386 8620
367 6153
3598 5964
818 9845
4054 8455
1527 9290
4192 5158
607 6498
3356 5234
4046 9258
4750 6943
3742 9954
2431 7919
978 6565
2525 8008
4441 8700
4277 8928
3273 8180
2336 8812
476 5246
2997 7226
993 7346
4967 5183
2622 9261
2321 9633
3933 8258
2481 9787
1111 7568
1558 8121
4511 9075
1054 8242
390 8440
4873 9363
801 5260
3143 9894
4983 7452
1837 7000
3618 5679
4629 8008
4240 6478
3384 5374
396 8673
398 6069
2967 6645
1331 6962
589 6154
2716 8709
4443 8855
2376 7680
440 9755
3996 5739
2503 5498
1171 8404
188 7686
2354 8058
3467 5486
3362 6608
477 7684
4276 5162
5 6471
4360 5553
70 5434
3629 7950
3421 7220
3746 5358
4236 6490
3501 6322
4190 8616
3724 6029
3144 8883
3037 6825
4658 5498
3245 7827
1446 9083
1106 6580
2808 6185
308 6019
4579 5163
3695 8498
3600 6810
394 5565
3519 9343
4794 7581
730 9009
1161 7505
2443 5355
2257 9993
2432 8087
4402 9516
1287 5371
2724 6277
1161 9890
3704 7508
2518 9774
1564 6492
2020 6826
61 9396
2699 8571
369 5023
1483 6225
2815 7907
3996 6931
958 8798
4502 7158
891 5266
3281 9662
3534 7124
4079 5153
2659 8300
2199 9747
1573 6019
3152 7895
1417 6770
3781 8724
1005 7924
2658 5446
4999 7670
3758 7404
135 7623
4594 8074
4902 5175
2071 7021
230 7251
1547 6817
508 6769
3295 7503
3717 8073
1376 8296
1902 7535
2713 8241
423 8564
2745 6493
2185 6171
2990 6600
3958 7692
1050 6443
2908 7843
1507 5151
1698 5021
203 8215
18 9647
2830 6295
4952 5899
3259 9992
1377 8173
604 5840
1197 7882
1435 9773
2102 6756
203 8695
2054 7415
3855 6123
4175 6397
4071 6402
3061 5405
733 5369
4309 5857
1527 9487
4142 8040
1135 9383
2666 8925
154 7809
359 7045
1022 8404
1117 8999
3320 9122
1183 8130
1468 5861
4633 8558
2691 7794
4978 8842
2486 7520
4501 7432
2038 7412
2029 9252
4790 9684
4916 8120
608 8588
847 7005
1499 7515
2025 5092
1262 7083
4530 6773
3652 7550
4107 6928
16 6330
1809 8771
1064 6002
1448 5593
1578 5111
2103 5044
2496 5337
3923 7234
876 7598
788 7928
1142 5773
4133 5102
4758 8831
3530 6544
508 8410
2148 7582
1344 7754
2709 9509
4699 7974
3176 9900
1586 5721
2581 6157
3954 9186
2786 5786
588 6770
2206 9285
3291 8317
1173 6991
4993 5507
4470 9270
1792 9118
954 8801
4586 5188
1064 9698
4516 9311
807 8673
1878 7782
2585 7270
2023 7019
788 5682
2585 6292
3749 6577
3507 5313
4131 9824
2743 6368
3418 6251
612 7781
1004 5554
373 8802
4904 8964
3568 7920
2244 7349
4622 9658
4581 6832
3446 9214
2897 6846
3826 7335
3244 5532
814 6726
98 7980
4995 6525
417 8240
815 8097
216 9470
1595 9112
3361 8619
4234 9205
394 5595
730 8795
2499 6680
2841 9727
3325 7760
2287 9528
4 9871
3491 9196
726 8530
4135 8179
2755 7450
4582 6339
752 9265
4374 8577
4867 7541
1274 8011
2750 7473
2232 6563
1962 5364
3035 5575
1703 5391
2396 8558
4908 5501
1419 8768
1466 8467
3486 6248
3973 5323
3897 7158
2973 8326
2552 5431
164 9579
4430 6249
4401 9328
1316 6626
3480 6651
3191 8285
2422 7705
1250 6182
36 6400
1090 8371
824 8766
3598 8814
1455 7648
4556 9904
1321 9433
1632 7916
985 9416
3694 7207
2503 7384
606 5257
1598 7360
3969 9743
4417 8501
1387 8973
3743 8954
1935 5917
1273 7528
4712 5008
3125 6957
1257 7391
4866 9518
4971 6177
1756 6187
1337 9153
729 5532
1816 6559
3407 8153
2267 8961
461 8975
2326 9718
4923 7329
1054 8263
4395 7305
1713 5115
3796 7994
4017 7223
4741 6228
4761 6351
604 7784
243 8550
4929 5469
4940 5696
1576 7337
4355 6888
311 5562
2666 9920
1444 5816
3125 6413
4239 9780
2276 6087
3044 7455
4734 8360
3463 6994
4704 7930
767 7273
1800 6590
2962 9586
2329 5632
3012 9322
1748 6976
4949 7900
594 9390
2433 5740
3431 9109
3290 5738
2839 9099
4135 7684
3314 8323
258 7930
593 8794
636 7670
2640 8342
4277 7327
815 9644
980 7920
582 7007
2354 7970
514 7615
4101 5856
2210 9531
4216 7621
810 9410
3397 7293
420 8508
3214 6916
3320 6888
4890 6295
2286 7868
3918 9266
4537 7280
2722 7230
1570 9918
2823 7160
251 5694
3155 9696
1314 8963
1484 6796
2922 9635
3224 9064
4282 8753
1455 7830
2503 8043
2496 6724
243 8053
3448 7007
3267 5987
84 6023
1986 6194
4561 9245
187 6693
2272 7450
3142 6007
1100 9500
3710 5387
4528 7643
139 9426
1021 9940
2185 5702
1069 6668
985 6090
1960 8674
1323 8719
417 7724
1766 9207
403 7970
2418 8314
3261 9658
2753 6925
4201 6209
1687 7835
3155 6402
2385 5534
1391 6990
4876 6011
1076 5194
123 6310
2057 9354
4743 9590
3314 8883
3235 5585
869 6743
62 9175
2815 5123
1545 6703
1200 5832
1336 8277
1281 8843
3972 9454
632 6164
285 8446
1705 7759
3656 8475
311 5866
2679 7360
395 8012
3898 6468
4084 8516
1950 6932
2549 9233
4827 8936
3218 9748
3397 7378
1292 5023
2427 6594
648 9133
912 9567
3001 6392
29 7983
2667 7811
1871 6377
4143 9813
749 5867
4249 9090
1545 8973
4848 5643
3974 7140
3990 8708
4016 6977
1170 8042
2468 5502
1404 5019
1709 9054
2702 5258
4483 6822
2787 6218
2171 6434
1246 7883
516 7516
3870 6853
2576 9840
902 8548
1607 5620
4732 7067
1292 8272
1323 8791
1054 9261
2518 6014
4007 5976
4090 6299
2337 7489
1770 9174
2296 8834
2372 7450
904 5194
212 5189
4789 7555
2172 5057
9 7111
4789 7956
4242 7946
1126 7910
1325 6297
1112 9916
4540 7340
1456 7516
470 5410
2357 6580
4925 5104
789 8249
3025 5163
665 6024
2748 7664
2017 6832
1057 8451
1941 5069
1199 5147
3066 6424
2244 9792
2664 7595
536 6493
4488 5878
1430 7204
1690 5366
1787 8475
2172 7582
625 6296
706 9476
4633 5185
2771 6489
992 7022
820 9971
3827 7505
2384 9251
1810 5666
2671 8906
484 7008
2751 8126
1700 6750
514 9410
2452 8650
1963 6514
627 8675
1093 9076
2256 5295
790 8684
470 8903
663 9045
4095 9456
2033 5141
44 9051
4535 8269
431 9603
2748 6357
3513 6276
3296 5091
2513 8767
694 6901
652 5265
2791 6404
4345 7368
3802 7383
1589 9715
1599 9336
2253 5577
3490 6834
1932 6857
4278 8764
4999 9448
3667 6542
4496 7137
122 7066
1526 6398
1618 6344
4208 5268
189 7384
4797 6704
848 7457
559 6990
2331 6525
898 7674
2759 6673
3980 8189
26 9145
2927 5573
215 7237
3763 8955
2216 5420
3185 9037
790 9178
188 7805
4825 8410
533 5467
2961 7782
2121 5764
4423 5797
1414 7878
752 5412
4316 6478
479 6183
330 6895
4853 9975
4273 9973
563 8088
1177 9334
3702 7003
32 8341
4135 9236
1198 7510
1698 6096
3828 8759
2027 7195
3609 8224
4939 6188
4096 9816
3747 7235
1679 5446
4225 7825
3279 6672
1026 7529
4552 8909
2078 5695
418 9358
319 9953
2751 9296
2873 5205
1513 6047
2185 7974
4231 9734
3252 9842
764 8640
169 9910
56 8711
35 9370
4010 8095
3370 7666
3887 7988
633 8401
4153 7586
4054 9159
2826 8969
2945 6872
2552 6734
3234 6193
1478 9665
1589 9232
2817 8601
1249 5468
493 5260
3779 9260
2859 7450
4172 8944
4069 5206
1032 6573
3231 8576
790 9684
486 8012
3472 8901
3210 9009
3522 8175
4722 5591
2530 7035
2430 5188
660 8413
61 8093
436 7287
4900 6779
2860 6975
2352 6686
1918 7487
2951 6204
942 8732
1804 8889
3882 9201
990 7218
146 9024
2940 9917
1912 5169
4197 8559
3900 9579
676 9460
3340 5205
4541 8643
2901 5839
3953 5148
992 8230
3102 9269
782 9847
857 5621
666 9211
554 9850
3094 8836
2315 5252
3231 9827
503 9602
2459 8799
4130 7505
407 5188
2207 8386
1901 6844
2895 7822
2468 8845
1899 6959
3432 8365
429 6632
2200 5705
3113 8271
4018 9072
981 8695
2565 7531
3844 9391
693 6910
4151 7138
1592 6265
4381 6470
387 5479
3280 6188
2460 5309
1521 9342
290 5801
3486 8434
3208 8569
1915 5612
3172 8237
2083 6285
11 6999
1629 6544
1650 8702
4222 8369
1884 9053
4627 5197
2476 9000
286 5705
1899 9985
2993 6296
3147 6951
1386 5983
4890 6519
1657 7440
227 7193
1382 6554
3229 7939
867 9723
1523 6180
4095 8542
3687 6819
4935 7316
1237 8356
1499 7264
2532 7092
2355 5333
4416 8443
1654 5440
4968 9619
746 5447
2669 5023
1244 8388
1278 6776
765 5138
2116 9638
589 6173
4597 6012
1326 6531
2418 9072
130 7623
3943 6868
4164 8677
4433 5616
2497 5179
123 5170
1466 6282
4693 8949
4675 6801
4710 8003
2725 6416
3158 5200
4102 7058
1663 5373
447 7267
1214 6812
3965 9186
3613 9603
2860 6800
4230 5810
1699 8044
4863 9485
1573 5746
568 9504
3116 7782
1697 5055
3306 9602
1336 9635
495 8797
1174 6559
2989 6165
712 7718
1398 7115
631 5141
608 5394
3159 8213
4042 7201
1703 8561
3027 5616
2937 9894
2145 7195
23 6192
4548 6054
2069 7330
878 5183
1709 5033
4372 9282
4094 7697
1283 9455
1997 6949
438 6044
2800 6915
2558 6941
2353 5162
178 6455
1097 6495
2521 9812
221 7749
1328 7786
2787 7575
3998 7687
3577 8290
1850 9915
669 5950
2679 8180
1706 7280
2728 9212
3152 6593
4485 5682
4315 7198
1019 6982
210 6843
2298 5067
1726 7461
4002 6569
777 6005
4566 8718
4218 6517
662 6278
2270 6518
896 5192
3904 8646
1861 8078
3750 7239
634 7185
2808 6219
4508 8515
4422 7632
2355 6609
3443 9317
617 8870
29 8252
1702 7621
482 9839
4162 5821
4392 8321
733 8185
4645 7292
4804 5505
3657 5267
2179 5088
3686 7156
1718 8372
830 6399
900 8308
3706 8780
3728 8590
2967 8934
3162 5672
1372 9818
4969 9628
3711 7632
4668 7021
3439 5163
2471 7002
1888 7835
531 6804
675 5214
2000 8502
1956 6909
2770 5082
268 7936
1590 6359
1061 9629
201 7609
697 9610
2966 9462
2878 6017
2535 6324
1628 5500
2339 6368
1932 9088
4280 7569
4915 7682
806 7357
2826 5406
1050 7874
4186 6712
2081 8044
2029 7609
596 5993
71 5988
3458 5477
541 8459
3028 9841
4888 5991
2955 8703
4317 5855
572 8977
3004 5042
4114 8572
928 7681
1531 9208
884 5469
4332 8021
1862 6915
3924 9378
2343 9129
4691 7622
559 5186
1038 5998
186 8234
4448 6736
2323 6516
3079 7212
3263 6360
2057 8676
2504 6881
549 7033
1839 8755
2272 6070
4064 5329
1273 8406
161 7375
2712 5402
2656 8348
582 5826
1339 6477
2180 7257
2225 5352
247 9375
4877 7192
1218 9179
2803 7155
3357 7270
1678 5330
1911 5552
2442 8472
4787 5387
2591 9945
2531 5332
4793 6185
1875 9484
4259 9635
4607 7015
3408 6318
4522 9980
4282 9365
2189 9609
1747 6843
4109 8656
3944 5267
1518 7033
2923 7784
4573 8961
1209 8974
1501 9809
2302 7723
2507 8096
1114 8093
3224 7039
2745 10000
496 9022
3476 7352
1927 8388
382 7474
2669 6847
1171 6003
3339 9657
3174 9815
1564 7289
2365 7641
2491 8824
301 5114
3874 5328
2245 8240
2931 6683
2289 5914
129 9087
239 5451
1391 7701
1582 7650
4681 7308
1272 6697
881 8440
272 7724
1582 7660
4155 8587
2330 8878
1821 7485
1031 7886
4578 6007
3123 8908
2297 7110
279 5672
2539 5606
769 9763
4901 9352
2780 8577
1838 5154
1435 5224
390 9726
3639 5514
1649 8384
1437 8951
3375 5706
4759 7686
1538 8563
3146 7539
1839 7472
1798 6754
1162 9459
1821 5716
440 6026
4713 7423
4612 8072
4187 5193
3328 9853
1611 6404
3358 5376
2262 9687
836 8635
3 9736
1979 9903
3045 7821
2276 5709
3834 7946
2512 7361
4199 8297
74 8230
195 7685
1505 7330
4268 7522
1289 9820
3861 8416
4559 8426
4386 5446
1195 6323
1139 5864
306 5193
2926 6954
861 8186
2516 9151
247 5838
3179 7597
3256 7160
1387 5843
4972 8764
4481 8143
3427 9507
2455 6862
3714 5260
4021 6554
2226 5312
4972 9594
167 8648
1014 7610
3200 7775
1112 7282
2456 6871
4017 6867
3382 5559
3004 6652
1258 8395
2445 6919
3302 9331
977 7019
2605 7311
1158 8102
2404 6294
1523 8268
1470 9059
2137 9635
4355 9073
1485 9028
3468 6352
4672 6866
1228 6987
2116 8787
648 8296
4027 8283
3560 8425
307 5581
4954 5139
3482 8764
4886 5062
1885 6137
1405 6179
3519 9404
1857 9642
1480 8174
3199 9516
1560 5516
3332 7410
4183 7020
2051 8946
4191 7894
898 9723
1663 9943
4987 8205
432 7999
1801 7109
4522 7209
3057 7278
3510 9659
269 9030
561 7504
158 6131
2553 5635
675 9791
2229 9882
1368 6193
4941 5047
3782 7536
1303 9874
459 7573
828 8053
4639 6782
3113 8363
843 7837
2157 7617
328 8140
1500 9241
2177 6525
2901 6999
422 8164
1923 7674
3301 6282
746 7626
834 6770
4219 6715
13 6325
2447 6547
4038 8950
3380 7445
2301 7218
4985 9727
1631 5278
89 5244
315 6972
3689 6228
2437 5443
164 9504
3269 5897
4253 6620
3341 7215
2206 6156
4033 9527
2143 8037
4689 6135
3096 7902
4167 9350
3872 6059
3993 6491
393 6368
2069 7219
1598 8453
4391 9497
4921 6699
4393 5833
1932 5716
1903 7294
3811 5460
4644 8761
3891 5196
2177 6371
1411 9155
1181 5055
4048 6372
2640 7664
1266 7434
3976 5019
2113 7668
1187 8683
799 6338
1946 9458
1146 6208
2119 8027
2137 9095
436 9398
303 5813
4896 9226
1314 6322
1926 7212
1205 6125
4633 7721
2038 9591
4994 9613
1055 6024
2015 5987
2453 9889
1115 7842
4238 8676
1377 8698
2317 5671
1852 8943
1715 7505
2730 6591
1005 5660
891 6097
2568 8690
434 9871
4740 9889
158 9406
292 8311
4086 9237
3957 9922
800 5036
2186 5078
3932 6598
3076 8780
832 9053
3612 6033
533 5757
799 7602
4395 6973
2988 6764
3076 6780
4605 9660
2280 6865
4109 5648
3517 6049
3017 8962
4085 7881
2078 9920
3436 5071
2864 9808
2564 9618
3005 8689
2849 6075
4325 7665
3974 9096
938 6231
2086 6716
3845 5607
1000 5785
3683 6909
4604 9044
988 6974
472 6829
2967 8108
4852 9571
4366 8449
469 5620
1558 7813
657 8162
4129 7080
3931 8457
1818 6074
1150 5645
1433 9968
1917 9170
4964 8253
3633 7830
4274 5528
3113 7033
471 5849
1397 5879
2141 9063
219 6704
682 9195
1463 7842
4614 6677
3251 7801
1506 8688
2149 9242
3277 5949
3176 6592
1915 9408
4135 5207
1092 6977
722 7928
4937 9522
2964 9330
467 9967
3413 9523
4817 9698
782 5225
1996 9854
2235 8838
3779 6864
1665 9692
3692 6907
4620 7118
2385 9571
3498 5609
693 6537
4437 8989
1732 9482
3482 5855
2488 6369
4617 5861
422 9619
3179 7050
2496 7067
4359 7469
1520 9661
4089 9802
2168 9239
2622 8681
3243 7630
3342 7492
4098 8401
2126 8042
891 6842
4714 9960
613 6944
2665 7798
