5000 5000
3918
1593 7589
1211 5950
933 9092
605 7382
3852 6428
958 5766
4946 6302
128 7326
3863 5462
2155 7913
2630 9623
3168 8598
277 6930
1280 6948
1889 5097
4769 6847
162 8180
580 7332
3758 7409
1551 8429
2860 9884
1728 7397
2883 7140
450 8714
2495 6636
4091 9349
1361 6747
2205 7873
672 8675
1344 8264
655 5136
2433 8489
595 5628
3781 6081
2965 7586
297 7726
1395 5413
2848 6805
1762 6148
2068 8538
3947 8112
551 7761
3003 8023
918 6283
2309 6032
3410 7588
1294 9949
464 9974
3295 5502
4348 9782
47 5980
238 9290
3722 7110
736 8355
701 9400
1306 7387
517 8540
859 6474
3782 5072
204 7109
3488 5955
3769 8972
2339 8121
978 9860
3496 7974
320 9143
3971 7492
718 5296
2833 9563
4278 8613
2148 5611
256 5041
4715 8327
1391 8827
3704 9633
1047 5827
570 5395
700 9797
710 6796
1764 7416
4049 8840
2853 7259
3081 7538
903 5257
2978 6476
2080 8029
920 9009
3349 7087
24 9663
3853 8358
1295 5387
16 6486
3835 7718
4148 6305
756 5109
1787 7968
3975 9632
2625 5280
345 5771
3661 6396
4555 7112
360 8720
488 5762
3134 5659
1029 7232
3942 8360
335 7320
1779 5699
3352 6606
2507 5292
2259 9524
4337 5991
1806 9165
1531 9089
302 7413
4980 7613
4381 7499
1409 5066
549 7599
2626 8352
3377 6968
371 9293
3670 6395
2076 6112
1922 6543
987 6593
3517 6676
829 6433
2944 6293
2028 9313
3052 8426
510 6170
2594 6097
3339 9505
1747 7998
271 8301
2151 9254
3120 9442
3997 5765
2724 6012
4151 9642
3474 6102
288 9387
3646 8407
2609 6470
3073 8664
3904 6056
1084 8669
305 7153
490 7471
4684 9305
3495 8618
3821 6995
4647 8725
4505 8533
3591 8083
2638 9011
2214 6016
1467 8716
4698 9849
4506 8419
4007 7557
4221 7124
1960 9561
3109 9391
2381 9425
2748 5062
3150 5962
3469 9536
182 5425
737 5600
3365 5700
2475 8798
2079 8580
2902 5007
2825 8491
2811 5199
3268 7739
3693 5202
3592 6655
1104 5800
4219 9681
2551 6774
361 9821
4014 7408
2907 7364
4619 7368
585 9651
3771 6675
1624 9959
4496 6475
1242 9839
3867 6337
3161 6749
30 5370
1580 9010
3077 7199
1394 6831
4817 5349
1955 9149
974 9369
2059 6255
2464 6649
505 9766
2642 9481
3634 5001
4976 9539
2641 5026
4399 8163
136 5081
1983 6260
3294 9109
822 5929
21 7798
1990 7393
446 9523
56 5367
1206 9904
2277 8722
4879 5781
2588 9852
1908 5372
3698 8379
2104 8328
2282 6932
4418 9130
1041 7136
1293 7415
2688 5318
795 6339
2241 8390
932 5211
2006 7788
1776 9226
1164 5195
87 5192
1150 5147
1012 8314
325 6372
1324 8019
719 9001
3203 7177
3106 9434
4127 9084
3388 7598
896 7176
477 7030
4495 5045
2731 7649
1207 7105
3870 8330
611 8009
3940 7967
4270 5895
3185 8860
2640 9543
4193 9512
1404 5945
359 6881
2627 9771
4962 7111
1881 6309
543 8717
2470 6729
1858 8256
981 8069
1672 5471
1073 5217
4302 9088
2544 9956
2869 5857
3708 7593
2257 9674
2763 6047
3237 9278
3789 9335
2720 9253
3424 7520
3428 7272
3777 7953
3548 5326
3541 7334
3778 6618
2987 9426
2437 5782
3946 9120
4247 9219
2347 9823
206 5511
1737 7357
3718 8409
1976 6067
3007 7378
3260 8184
1548 5357
2123 5652
4173 8667
147 7839
4138 6070
3200 6524
4705 6389
4661 8938
1366 6594
310 8483
1090 5185
1882 5886
1122 6044
4327 5845
4067 8178
2892 5558
1097 6105
323 9008
692 5377
4073 5242
1317 9141
4713 9506
3956 9181
2377 7449
357 6447
997 7212
1176 7300
1752 6635
4642 6779
3643 7534
1373 6920
2186 6092
1485 6876
2936 9090
4910 6003
853 8229
2524 7858
3306 5690
4211 6226
4811 6842
4041 6323
1265 6280
2417 7059
4668 6380
3297 5250
880 5286
2977 7758
4566 9407
2523 9055
3559 5697
4541 9762
2197 6975
2039 6066
1716 6252
1709 7174
779 9556
2510 8499
1315 6911
621 9571
4315 6589
404 5143
1695 5028
2125 5069
3767 8948
2723 6207
4638 9485
2469 8293
3516 5774
430 6129
2810 8791
1682 7426
1721 5212
1748 8277
3944 7556
2071 5123
113 5963
1142 5624
2095 8000
2480 5497
986 7354
1067 7035
1878 9788
1647 9775
3739 9427
55 6333
2887 7022
4240 5255
956 6082
3241 5732
181 9431
2407 7228
2445 7543
2784 7997
1538 9093
3310 6978
4695 8268
689 6801
2136 8936
560 5382
1896 6132
1023 5853
1526 8036
3507 6535
3955 8852
99 9170
4065 8848
823 7402
1509 7817
4358 7832
4500 5294
2457 8543
229 6848
3716 5583
1421 9203
1615 6247
3729 5838
3126 5480
2574 7874
596 8118
441 6563
3464 9551
2752 9104
407 8397
4792 9256
9 9525
1829 6908
4685 5047
2227 7419
1412 5404
3214 5246
3448 6705
1782 9621
3717 6877
433 5400
1463 8485
1642 5291
3084 5876
3411 5188
3183 5794
3217 7202
2310 7794
2402 7676
834 7701
183 8758
838 5647
3805 7180
814 5141
2444 9094
3333 7955
3330 7743
2806 7396
3978 9339
3387 6034
2063 5814
4803 9185
4129 5308
4222 5429
2597 7646
3231 5507
1159 8306
4665 8486
2502 8750
3723 7907
2506 7365
1965 8756
2485 7025
1140 8082
2683 7757
876 7377
3841 7074
2337 6500
843 9153
648 9346
4596 8605
652 5057
4486 6735
1812 9441
249 7247
1622 5899
356 6992
1235 6364
3972 8378
3368 5481
2108 5677
1778 7876
3838 5809
17 7278
1926 5592
1099 7078
2925 6646
4558 9969
4116 8813
3544 6101
3463 9863
2595 8492
3684 7399
4462 7964
4022 7900
934 8209
2575 8012
222 8472
2283 9018
1427 7002
4993 9562
3398 8914
1303 6157
1113 5725
4006 6837
2081 9480
4398 7164
3145 7405
1132 7571
3491 8096
999 5012
2268 7279
2346 7448
2616 9190
739 6171
631 9211
4165 6883
2459 7041
828 5572
156 9276
3316 7011
103 5919
275 7795
4602 9393
2284 8792
362 8415
3115 9263
1875 7972
939 9194
1495 7711
1121 5797
1243 5176
3658 8509
3976 5483
720 9357
959 6030
495 6295
2911 7778
2991 7629
3511 9123
4709 6346
1886 5920
1497 9836
3174 9874
914 6537
415 8143
311 6767
2596 8784
635 7314
2396 5403
1079 5046
4753 6071
1048 7077
3680 8737
225 5829
4131 5571
4140 6714
2126 8857
2253 7255
2004 7490
96 7762
2730 6156
949 9637
3547 7353
481 5344
1604 6602
344 9205
1559 8693
988 9306
4010 6623
4762 5573
367 7704
3678 5556
2696 5514
4363 7790
738 5061
2837 8111
4403 9549
1030 9082
1145 6439
579 5139
2082 8176
4717 9238
3035 7507
2999 7683
3934 9035
2371 9494
2428 5733
338 7006
614 5667
2555 8414
3367 5362
4801 8712
3768 8056
550 9345
919 9344
4087 8274
3979 8917
4867 7892
2579 6622
4480 6431
1994 5074
2875 7285
3982 5983
3954 5345
2448 7313
3801 8026
4115 7729
732 9363
3374 8743
124 9675
2165 8745
2840 7923
1341 9303
2067 6290
1692 7837
4034 7000
1334 7643
4299 9950
219 9333
1259 9361
396 5138
1442 9326
4958 9667
667 6249
4927 5201
346 6892
4899 8906
1128 8119
2045 8604
668 5092
2679 6406
1045 7957
1425 9341
1469 8882
3764 7580
2598 5213
1921 5313
2895 7169
3204 7051
4781 5710
2590 5949
1795 7411
3337 7071
184 6809
688 6891
3584 9103
4729 8655
2356 6730
384 7207
131 7866
2421 6410
2604 6262
3383 5559
3068 9708
98 9618
1062 8818
3373 9999
1481 9749
3151 7770
598 7460
3500 6096
1348 9180
2315 6020
3908 8191
2817 5423
4569 8921
741 6128
3451 5754
228 6480
4365 8612
3556 6879
3662 8325
1208 9052
629 6436
3861 5070
4731 5575
167 9866
3042 8902
2348 5444
1015 9721
1871 6139
3991 7554
682 5077
908 8639
2767 6893
3478 5655
1086 5779
4020 7288
2453 5665
1862 8559
3650 6610
1156 5215
1644 6913
792 8668
4613 5938
332 9826
2405 6113
2554 7685
3712 5233
502 5409
4795 8445
3458 7831
2635 6659
2415 7463
2009 5522
1676 9315
1014 5013
1298 9454
2011 8626
3403 7102
39 6607
3322 8206
1275 9026
3945 7532
2637 6538
2298 7577
773 9908
1837 7661
31 6973
3288 8471
3525 9989
3830 9734
2617 6213
4653 5479
1112 9110
439 7491
2162 8863
4197 9392
1184 8129
4147 6145
3024 8043
1360 5315
2893 6739
3631 9918
3001 6946
2361 5525
2051 5997
4770 7370
4063 6728
1662 5770
4873 7298
1369 6741
2701 6388
3108 6752
2501 9177
3656 9921
4854 6970
4656 8803
1630 8653
4948 7715
606 5550
2324 5595
2007 5491
1237 8742
2481 5589
3557 6710
4584 6867
941 7371
506 9160
3327 8971
765 6411
1428 6088
722 8996
1909 8066
409 9967
3970 7311
3197 8573
125 8383
4434 9744
1423 9115
3112 8340
4857 5226
2921 7734
159 6287
3803 5140
654 7673
778 8665
910 9970
4260 9740
2462 6279
671 6192
3734 6753
2861 6556
192 6871
4564 9025
858 7470
1003 6055
660 7940
676 6637
4711 5994
1212 5878
378 7430
641 8576
872 7493
1773 6153
62 5030
3741 6202
1518 9169
1677 5722
1623 9463
548 9957
825 5482
771 5293
865 5629
3534 9135
1743 9678
2474 7804
1863 9870
2478 8677
1777 5433
3219 6790
711 7487
2856 8322
1108 7503
2036 7865
1119 8351
4610 8249
1222 6312
874 5474
1827 9919
1260 5730
4137 6186
3724 9733
747 6142
3335 5924
3714 9742
2285 7724
199 9279
1745 9386
1877 8204
3964 8145
331 9449
3309 5025
1358 5305
1988 8615
1231 7261
4234 7191
2292 6122
406 8695
2941 6408
3034 9648
2156 8225
1528 6971
2245 8887
1230 7606
1948 6391
437 5977
3799 5811
2800 8694
4808 7560
4227 8518
101 6591
3075 5375
4283 7372
1080 5871
3917 7675
819 9861
4942 8394
392 6150
3023 6597
63 8541
772 8556
698 7822
326 8326
1025 6125
3002 7601
4423 6997
436 7350
1723 9060
442 7759
419 6499
1720 8738
253 8497
761 5428
2828 8602
2602 8015
1519 5637
2286 7658
984 6425
2300 5942
1091 9479
3784 5225
3810 5063
4038 7976
1229 6078
369 6733
4881 5708
2710 5271
3256 9127
4005 6011
3137 5869
172 6204
72 6090
4134 9172
2586 9028
2206 9368
1397 9508
1738 9615
4728 5726
1918 8810
2031 9519
2932 5989
2961 9399
2486 8943
1310 5172
1475 9837
2958 9818
1244 9273
3395 6138
3485 7206
3229 9317
2531 6822
1305 9649
4250 6783
339 7302
2388 8416
153 9910
3641 7292
4702 9450
3240 9992
2580 6719
2362 7877
890 9533
4865 8266
2608 9917
3355 8356
1403 5750
15 9193
8 5586
2251 5487
1899 6241
486 7138
4782 7910
3791 9911
1459 9729
1919 5564
4289 8761
4850 8207
412 8687
224 8141
25 6725
4228 9994
1832 8238
2847 7339
1209 9931
4979 6403
602 9220
1775 9184
263 6682
1825 8978
979 9993
1838 9830
1565 5089
1536 7973
4411 7189
2955 7854
3271 6085
3178 8600
138 6059
1873 7693
1508 8077
1547 5791
2327 6854
1126 7345
1028 8956
1591 5609
782 7119
4591 7257
591 5116
2981 8871
2678 7037
3563 8614
4542 7417
3635 6412
4089 5825
4582 7783
569 8666
2139 7233
2043 6321
2791 9824
2064 7694
2940 9231
2599 6617
217 6435
1333 5524
541 8127
2231 8333
2527 9114
1502 9440
1170 5168
3700 7952
4794 5900
515 9947
2290 7485
1981 7766
2805 8063
4983 8992
2372 8400
1205 8474
3651 8591
716 5679
4303 6149
3253 6834
4248 5823
583 8550
3300 9566
4943 9951
2249 5265
4145 6825
4122 5236
4880 7925
4914 9106
1168 7904
3770 7198
2424 5324
70 6505
2572 5014
2677 8911
3812 7768
3690 5117
4919 7945
866 7984
2070 6237
1107 9664
1496 7088
2323 6792
130 8049
766 9062
4683 9031
2910 5299
3020 9899
3527 9869
475 5005
712 9043
2687 7420
4458 5350
471 9841
3531 6643
45 6114
3884 8092
1998 9372
4341 7933
2915 8524
4722 7745
2014 5921
2084 9582
904 6639
4741 7989
2089 6929
2233 9779
4040 6853
4868 6267
3433 8949
4819 9359
65 9890
2819 7908
552 9553
391 9796
783 9233
3925 5739
1368 7541
2218 8245
2797 8152
1232 9182
3985 8444
4154 7439
1302 5221
3652 8051
3162 7672
3575 6054
1572 8226
3059 9275
2615 6369
2792 7034
2560 6437
4891 6300
775 8242
1224 9003
33 6860
2974 8862
4614 5276
6 7076
1388 5427
1808 7840
3798 9705
4882 7021
2330 8729
4292 9545
1817 5015
1613 7616
355 5759
1136 6845
4322 7050
3862 7079
2335 8534
966 6598
638 7122
2390 5137
1005 6466
4024 7698
4185 9288
3757 7814
1865 5836
2997 6375
2489 7574
2934 6869
1105 8850
3382 7663
4949 8438
4438 7303
702 7192
4745 9905
1350 8116
2368 7476
4106 8587
2015 6336
643 8913
3350 6319
4059 7125
1471 6703
3039 5893
3620 5181
1125 5999
2204 9683
4441 7014
2180 8399
4196 6053
2732 8329
3898 6599
2972 8545
151 9302
1114 5408
3569 7780
1890 9133
960 6933
3101 8579
1969 8820
245 8324
2570 9898
3264 8089
784 9617
2600 5051
931 8479
4598 6656
2273 7167
2061 9328
1686 5183
1636 6236
2537 7029
1964 5099
1961 6135
364 5190
3202 7712
118 5091
4758 9737
2237 6601
4287 6916
1542 6526
4655 5295
1617 6367
1703 9713
2207 7619
571 9784
4960 7421
1920 6110
2578 6065
3242 6432
4886 8531
2755 7669
1742 7347
1401 9004
4101 5223
885 6221
2113 8552
537 7315
1424 9955
1057 7281
864 5618
977 5943
3043 9037
4726 6240
1189 5187
2697 8760
3013 7859
4217 9903
3171 8418
2760 9756
4712 5275
936 8856
208 5306
1416 8901
604 9693
3800 6788
67 8526
524 5446
856 6924
1925 6744
426 8609
1986 8430
2827 5984
3210 5631
2775 7309
109 6353
2653 8259
2912 5224
4023 7834
3427 6864
1249 9685
3585 6922
3498 5605
3933 7089
3313 7159
3689 5048
2557 8793
4950 5289
88 8588
1936 8307
4267 5776
3825 9332
1953 9039
4171 6640
3928 5369
4136 8024
877 8867
2002 9842
91 5922
1939 5470
78 8659
41 6994
2442 6742
3639 5380
4450 7301
2759 6194
1044 5016
3540 7627
3840 8918
4370 8679
1929 8657
753 5818
435 6835
232 9195
4836 5418
1174 9515
2295 6215
1439 8309
2027 9753
4499 8763
4456 9159
4387 9822
1432 7587
2916 5398
494 5209
259 5485
2834 8752
4172 6172
1857 7392
4117 6849
886 9491
104 9460
3961 8302
2179 5261
1186 8110
3445 8377
3343 8647
1753 6468
188 5207
3967 6615
4466 5270
1574 7927
2099 8054
4560 5251
4994 6217
1081 6532
3619 7290
2836 8405
3899 6314
3642 7559
2138 5850
1056 6091
542 5570
1935 6291
952 9625
3842 8952
4209 5422
2772 9457
709 7519
3502 6438
2937 6313
4838 7376
3286 8448
4816 8267
1043 6759
1400 7488
1660 8670
4773 7883
2718 5437
3510 5784
2395 6340
4682 7266
218 8200
973 5297
2316 6885
386 9439
2692 7966
628 8215
2299 8932
3418 7932
1476 5579
1584 6765
597 6111
994 9101
4672 6163
451 9794
1887 5228
49 5813
3082 9012
2443 9585
3080 8804
2217 6839
2814 9845
3441 8539
1181 5405
3823 6884
2528 5645
463 9853
3124 5745
4346 8195
342 8265
3589 7631
2577 8408
2536 8338
2747 6956
2674 6209
1234 8021
1595 6355
2073 9352
1741 7818
3676 8452
3597 5023
2447 9451
2924 8723
3910 5464
2746 8547
832 6352
276 9575
3587 6175
663 7681
616 9222
724 9897
3409 8710
3748 9152
1793 5067
299 8032
1448 7584
4031 8025
1754 9069
1649 7638
2110 9576
3307 7321
797 6136
2053 8504
4204 9087
1971 7099
3706 7398
343 5785
1382 8131
3505 8947
3021 8726
1619 8501
2118 6036
4446 8157
4119 7870
1000 9409
2690 7444
2726 7982
2468 6191
3058 8570
2841 6789
1585 8208
3319 5011
4471 7978
4916 7256
1515 9614
1656 7441
1494 8873
4780 8912
1457 7987
4149 8473
4982 9107
292 5438
3261 7085
2040 5932
3880 7472
4182 7943
3919 6397
4568 5543
1301 5666
1814 5651
4128 5355
3922 7245
1952 7826
2266 8529
4058 5757
2020 6127
1273 9464
1633 8192
2037 9348
1322 7664
3537 5151
4895 7737
806 6985
52 9555
2762 9418
2681 6098
4086 7637
4110 9800
600 8254
695 8480
1466 7878
282 7695
2693 5673
3144 6746
2994 8477
2307 9108
3038 6174
2662 6350
2224 8253
527 5384
3562 8134
4421 6663
3401 5020
3984 5283
2807 6513
421 5709
2176 6925
3254 7738
3836 5152
2739 5944
4001 9415
2512 7425
1446 9778
149 7474
129 5133
3156 7031
2058 8332
54 8079
1664 6852
2606 7928
1924 5648
4945 8549
4280 8915
2778 5269
871 7508
3277 8312
3142 6099
1103 9045
2738 5641
3083 7644
220 7269
4662 7466
4965 8428
3275 5120
3876 7774
3518 9868
1571 9827
3555 9695
2030 7001
1679 6696
3515 5580
4621 7514
1629 6334
1049 7753
4417 8728
4378 9411
957 8628
895 9131
1945 5310
1445 8337
203 5851
599 6772
1250 6469
4930 8073
3902 5644
566 6934
4990 9243
1214 8203
3283 7336
2612 5555
4739 7107
1951 8126
3189 8386
1932 7755
3617 6587
2698 9435
3311 6887
535 8190
870 6026
3845 8562
2939 8074
2686 5601
1598 9402
4757 9912
1182 5019
723 5448
1626 6787
3019 8193
4723 9389
1226 6250
4055 5153
3602 5509
2584 8907
1733 5887
844 5263
2354 7540
2291 8449
2671 7585
1364 6611
3614 8975
3399 8811
2359 8910
1842 9365
1195 6989
3105 6938
164 5804
4369 5334
991 9894
1329 9083
530 9338
2804 6463
4108 6152
1772 5241
1583 8047
2976 6527
266 9647
461 8762
254 5196
1487 7065
1053 5557
3918 6211
1450 7276
3935 6423
2451 7374
620 6539
2032 7911
1370 6000
4885 7214
2008 6976
2091 9920
3318 8252
1731 5231
3466 9246
2135 5687
881 5958
2154 7789
1251 5841
395 9677
863 9798
3815 7552
2370 8824
60 9176
3983 7846
1245 6277
1525 6590
4858 6641
1165 7186
3238 7747
1607 8387
2742 5538
757 8881
1071 5617
2054 6851
2321 6329
3881 8139
2793 6064
3637 5337
2956 8700
3188 6459
262 7327
3568 5232
3273 5338
4157 9630
483 6905
721 5815
3069 5386
4509 6841
2308 8013
2013 5698
1668 9078
3586 7735
1022 7752
3030 5692
3683 9851
440 6123
3705 6121
2236 6667
3484 6630
1440 8838
1190 5504
3980 7853
3053 5461
2471 5254
2077 5463
1213 9699
4124 9137
4845 9521
1383 6458
1596 6766
290 9731
480 6608
950 8835
4802 6894
2592 7819
2223 9478
4188 5191
531 7172
2243 8196
4044 8120
3992 6083
497 7286
1579 9680
3095 6273
669 7108
547 6962
1137 7249
2913 8181
4785 7544
562 9122
557 5253
3990 5352
1949 7901
2010 8316
3265 6813
3444 8511
4771 6371
2564 8660
2484 5676
1088 8323
4833 6461
1367 5930
3533 8741
4004 5343
639 9804
4901 7004
3785 6707
2387 9102
3014 7748
3628 5106
1468 6018
3960 9815
1987 8960
3092 8246
3438 9221
713 5939
1004 8038
1879 9757
1552 5252
3028 5050
2945 5131
534 9474
1967 7510
3251 6100
252 7061
3426 6960
4643 7185
3135 6282
3632 5301
1304 8432
3864 7975
3305 9049
3762 6804
2894 7542
4677 9958
3827 5093
3669 9163
4195 8369
1659 8866
3348 5335
1479 9384
1191 5029
2129 8629
4693 8830
2342 6624
3481 6238
337 7274
272 6228
3246 6216
1533 6261
2984 6511
2198 7003
2209 8271
2288 9550
2221 8658
1465 6086
3941 7428
2050 7156
2418 6158
141 9814
935 8986
445 9669
4206 5365
4453 5957
1299 8359
849 5974
2239 9596
4732 5068
3554 9983
1570 5604
4783 6697
317 5844
3492 9873
3819 5523
2727 9673
4550 9891
4692 6239
3707 5775
2689 9981
3786 7319
2101 6245
2193 9577
1652 9516
4281 5100
4955 6993
1790 9808
2605 9530
1835 8102
2441 8493
3299 9835
2367 8884
2164 5184
1223 9878
1347 8806
1058 5300
472 6726
2278 8288
4294 8646
1836 5322
940 8621
4918 5528
2728 8789
2192 6361
4549 6984
3104 6381
1144 7277
2563 6161
4036 6464
92 5107
1451 6508
1705 9295
1846 9541
3888 8950
2704 5623
1307 6665
2822 5443
4325 6621
255 9175
3512 6015
4926 8523
2 8561
2242 8585
1943 5290
4304 6909
4788 8724
3215 5440
1768 7713
298 5084
2248 5247
4396 9318
4589 9769
496 9626
89 5686
4846 9640
1434 9100
53 8611
3604 8754
492 7635
4624 9358
318 9579
449 8440
899 7610
3450 5912
4981 9077
924 8817
274 8218
177 7145
2780 6720
3228 9212
1822 8648
4079 5723
2808 7963
3008 6259
81 8299
2761 6223
4874 7799
3681 7918
1569 8165
1281 6227
4012 5902
2654 7104
1758 9150
3065 7688
4503 8895
3703 9167
1872 5847
2042 6763
2952 7545
518 8779
1252 5632
4977 7888
3747 5927
3504 6677
1900 9650
1513 7120
647 6711
636 8068
4163 6785
2383 7645
3760 9162
2107 6899
4649 6316
2240 7091
2117 5799
4675 5737
1203 8459
3252 9565
2870 5256
370 8384
244 5155
4809 7731
3745 9937
2930 8794
1254 7367
3341 9385
2757 7389
4697 5703
3549 6718
2647 9746
80 5780
1390 7042
2935 9086
2649 7864
3472 6943
4734 7566
1276 7524
4174 9490
4997 8519
4689 7126
4380 7456
1763 7179
539 8177
3865 8616
137 9085
522 9658
2865 5378
4293 5317
215 9377
1803 9142
2279 5985
4923 8363
574 9636
2401 8210
2541 6560
808 8010
1973 7740
3743 8554
4822 8908
661 6582
508 5477
27 6229
3362 8586
2631 5574
4324 7182
1065 8684
2041 9277
1634 8304
2127 5009
3089 7244
2326 8575
2753 6974
400 9119
2400 6327
1561 9324
4251 7250
3425 9881
4000 5554
728 8727
1106 8310
3532 6095
2260 5186
4410 9299
121 9857
1683 9832
2305 6693
3608 6554
2517 5157
3896 9113
4703 9308
705 6315
2144 7641
4030 9765
1621 9686
3576 7208
1332 7475
3605 5856
687 7068
3055 5971
1685 5174
2802 8823
166 6580
2143 8042
1398 9986
1077 8904
23 6595
1233 5166
4179 8937
4190 8888
3468 9146
2831 7246
293 8998
653 7296
1422 7611
4125 9593
4433 5090
2947 8261
3719 8560
3926 5182
4984 5639
4488 9926
3911 7026
898 6886
3726 6043
3813 5728
4953 6347
358 5704
4445 6890
3886 5307
4121 8169
3566 6442
3088 9520
4225 5243
1933 6857
2225 7135
1575 9015
1769 5854
2033 6386
4909 8970
4334 9319
3114 9216
4537 7154
1796 8858
2835 7623
4258 7056
246 7706
2429 7592
3446 8774
4810 7223
4747 8456
2319 9752
333 5314
3177 5715
1068 7331
1974 8406
4925 7190
309 9374
142 5933
951 9227
1504 9988
79 5577
1473 8447
3755 5397
2899 8099
1696 6996
520 6147
768 6658
2669 9715
1027 8662
742 7941
2466 9105
4588 7027
3570 5447
1904 6567
394 6268
3671 6926
3858 9991
64 8619
4571 9535
179 5744
2533 5285
4484 9314
1490 8295
4752 7067
1620 8674
798 7497
2163 9264
270 5951
781 9622
1035 7414
2297 5332
4184 6504
4556 8641
4352 8410
1198 6652
911 9323
875 8521
1188 6757
4467 8123
2542 5033
2332 5615
4310 6496
3143 8744
633 9285
1312 6963
590 6289
754 5636
2174 6052
1169 7919
3323 8568
4186 6727
3986 5088
831 6108
2992 6829
4454 6503
2366 7700
970 5755
1225 6308
2060 8424
1959 5494
4646 7949
1627 7400
4032 9719
2639 5549
175 8020
69 6257
3868 7555
2982 5817
3581 9655
1854 8057
4045 9646
2885 7884
2540 5904
1147 8620
1708 8678
1765 6116
3334 6866
2783 7478
4497 8847
3600 5320
634 9360
1130 7741
3340 8875
3974 5371
4680 6545
3216 9846
2796 8566
1655 8149
3709 5096
4893 7684
2920 6481
1074 5975
3012 8311
2644 9978
4482 6073
2589 9125
4153 5936
3543 5125
4078 7358
627 9514
163 5518
4371 6146
2919 5663
321 8236
322 9488
4232 7235
578 6858
4581 9148
2365 5753
4507 5788
1396 9228
1268 8946
146 5144
4284 8475
1002 9855
656 8109
115 9071
3129 5216
4139 5458
4853 5702
4056 6166
4008 6633
1658 9758
2764 9445
509 8624
1017 8182
2766 8458
7 7048
3514 5773
2439 7815
2534 6566
996 5820
4875 6270
2905 6159
3404 8138
3207 8732
789 5390
2338 9886
917 8071
3192 9570
2304 9121
2271 6482
1702 8146
3744 8905
2235 8381
2942 7157
3394 9584
3912 9024
3006 8488
1648 8704
3103 5432
4037 8286
4093 5238
2208 6365
2185 9606
4818 7633
4226 7086
108 8772
4202 8231
3459 8244
4525 9963
1158 5104
3673 5079
2498 7720
1788 9381
835 5965
73 5198
1264 6167
4492 7165
1868 5004
487 9311
3436 5452
3607 9151
2562 9806
901 9432
3530 7636
3854 9050
969 8371
2403 6169
1667 6751
2880 6014
4444 9643
1393 9801
1452 9350
4954 9265
975 7659
3672 5969
4043 9250
4786 9006
755 6490
573 9261
3239 5680
1888 7812
4547 9191
3520 5793
848 7137
2325 7991
3164 8808
169 8595
3943 8442
4748 8885
1942 7665
625 8672
280 8061
2142 5931
944 5787
1880 9850
4924 9070
2419 6058
2023 9922
4580 6937
1956 8503
785 6420
4820 6342
3916 7151
1372 8464
2294 7852
680 9058
4616 7596
1246 9080
2303 5596
4534 8865
4694 5719
3939 7732
2980 9504
3345 5156
251 5840
3526 6579
1673 5760
553 9792
1590 8916
4567 7275
587 5519
2258 6332
1339 5515
3721 7867
4464 6549
4897 7871
3528 8773
1711 5056
3834 5303
2582 7424
1362 9296
3508 6691
2636 9892
3921 6407
248 6625
4851 9240
3036 6628
2882 6833
2703 7171
4570 8313
3579 8490
4939 9022
963 8370
1653 6242
964 6897
2549 7995
821 9198
4562 7841
1893 9187
3889 6761
2026 5249
706 6771
4364 7942
4451 8990
3664 5347
3122 9760
2467 7447
1937 9157
3490 7608
4245 6838
827 8934
135 6740
4518 9376
1143 7791
418 6870
1011 7482
3165 6050
2350 9816
1171 9331
1707 7044
4384 8140
1381 5424
2842 8318
3133 7283
4427 9483
4650 8223
19 6049
171 5714
438 7660
4842 5935
1458 8412
4635 6341
4216 5496
4516 7310
1148 8467
22 9927
2022 9020
2169 8800
2969 5234
2903 6512
1460 5389
4544 7362
3894 8136
743 9289
2492 5761
4300 7049
2504 8298
3093 8555
241 5578
4967 6384
1287 5180
2888 6522
143 5098
2659 9598
2559 6612
2088 8663
1700 8380
3149 6669
3603 5625
2254 5472
4257 7805
189 6688
423 8632
3578 5214
4528 8642
466 5913
3655 7977
2884 7915
525 9091
1407 5885
4272 6462
3018 9717
1785 5691
2488 9081
4863 6374
962 8832
851 5796
499 6900
2877 6581
3630 7019
489 5763
2545 7341
961 5171
1253 9644
1727 5707
4312 8239
4224 9820
2862 7958
4934 6880
2357 5752
1034 5678
2430 7999
2881 5978
1343 5612
3308 5177
1511 7338
4170 5052
2852 5910
1016 6631
4342 5972
139 8544
610 7284
3696 9309
3413 8815
1848 5842
3627 9097
4727 5178
152 7612
2779 6561
3817 6638
1740 5358
1824 5751
2344 6093
4100 8124
2603 9171
4373 7561
1284 9871
283 9444
2874 9893
666 8636
97 5145
564 7081
1221 7489
2200 7716
4447 5018
4563 6855
1024 9739
4220 7496
432 7129
1958 5877
2096 8280
812 6184
4150 8258
348 9503
1710 9862
198 7188
1917 6062
3415 6109
2019 7227
28 5473
4593 9838
989 6084
3336 9111
697 6528
4852 9304
434 5060
3883 8638
4414 5561
1675 7965
4321 9364
4749 7096
3211 9499
2141 9568
1938 5146
2543 7152
408 8148
500 6940
3213 6605
1712 8966
1414 9379
4286 6701
2672 5298
3017 8460
1855 8625
3957 5385
2799 8273
4896 5830
3205 6031
729 6419
4733 7909
1461 9554
4595 7980
3616 7217
2979 8822
1640 8846
3285 9322
3596 5415
2971 8085
686 8535
1272 9487
2318 8320
1378 7702
1355 8470
2715 5197
4463 8783
4720 7993
3086 6931
2593 9652
467 5533
882 8995
2798 7550
3361 6303
3154 8108
4269 5527
1791 8004
1666 8420
1308 5672
519 5459
581 7564
3794 9046
3416 9896
1338 6060
1654 7862
1954 6457
762 7241
3131 6889
291 8496
4539 5456
4546 7797
3623 7708
4903 7581
1568 9267
2133 7097
1597 7248
303 7829
3624 9639
231 6704
4409 9611
4210 8115
1175 5006
1349 6673
2161 6723
3187 7800
3190 5327
3342 8510
3429 5593
4401 6251
3679 5834
2147 5547
943 8345
3644 6072
2830 8769
622 7028
51 6199
3166 6592
2159 7526
1291 5565
399 5311
155 7604
211 6363
2246 9907
2001 9248
3071 9072
1555 5381
1820 9833
3749 7717
2657 9925
4123 5105
2477 7351
725 6928
4424 8232
2567 6224
1087 8233
4323 9750
1650 5868
2645 5154
3191 9583
3936 6006
1605 7328
2202 5908
913 6173
352 7802
2329 7630
1566 9831
4181 8048
3351 5909
1894 7760
2547 7062
351 6687
1297 8829
185 6530
205 8708
862 7268
2220 9154
3615 7772
3682 9700
150 7237
4502 6738
3666 7115
3179 7939
1751 6120
4442 7407
4155 5476
4629 7323
4719 7548
3225 8059
922 7969
2334 7944
213 7018
1859 6713
1809 7869
3408 8454
375 7480
3875 8147
1215 5075
1194 9126
1844 8919
2264 9645
892 8757
2946 7733
744 7075
646 6961
4029 8391
4166 6966
4944 8297
841 5073
3434 7618
1870 9189
1313 6449
1330 9671
526 8041
4696 5024
677 9475
2970 9847
2613 5287
4296 6106
1941 5468
2219 7808
4585 8091
2373 5022
2358 6028
3167 5453
414 6958
1540 6424
1489 8095
3218 5888
4097 5995
3759 6281
2530 8160
1781 5450
462 5054
2765 9906
1493 5545
443 7855
565 6903
1239 8734
4255 8982
576 9990
3274 7117
1581 6343
4273 8713
2247 7369
2587 5119
170 6195
3193 8640
2097 5080
2522 9016
4152 5622
324 7890
4520 6010
165 5777
4412 6957
2788 9281
2301 5165
474 8771
116 8081
2658 7127
523 7289
3363 5484
3169 8028
626 6115
1975 8135
1966 8809
3372 5590
235 6568
2087 6868
4764 9158
4951 7113
937 8505
1843 6812
2691 9287
567 8513
878 8315
708 9659
945 8201
971 7533
704 6160
456 5113
1512 9942
2160 6807
2670 5489
68 9654
4572 8864
2182 8634
2500 5619
1066 7481
476 8463
942 8037
2074 9913
3487 8797
2711 7810
1123 6045
1059 6523
1320 8436
1610 6198
1681 5244
3130 8517
1840 5928
2090 9038
3412 9928
37 9975
29 6495
4368 5731
3848 9073
1601 6603
4664 9573
4657 7271
4472 9777
3276 9173
168 6572
4164 8874
820 8375
1266 7226
4349 6409
2901 6534
4236 7073
43 5880
209 9909
3797 9972
458 7679
2821 7620
453 8276
2737 8520
4688 6722
657 7823
1096 8599
3909 9286
1744 9502
2034 9829
501 5864
353 5273
618 5218
1010 8189
10 7703
304 6954
1993 8128
3364 6362
982 8603
2085 8098
685 8457
1178 7335
1802 7322
176 6629
2188 7887
4586 7590
4336 7806
2461 9914
3477 6401
3461 8578
122 6689
1141 8962
3846 7504
3590 9496
1118 7850
2733 7066
1819 7954
2420 5439
3226 9403
2012 7282
3064 9495
3720 8413
504 6385
2228 8366
4536 6700
3938 5670
120 8404
4259 8159
4338 7427
4774 9588
968 9067
1238 5970
3645 5341
1443 9944
1968 7443
3536 6450
3494 8441
196 5688
4490 7763
3140 7094
3022 7751
1185 5882
2374 8353
1240 9628
3298 7934
967 5735
2479 6896
3713 9057
2709 6398
3765 6079
1418 9420
1157 5646
1527 9589
3016 5542
1532 5548
759 7017
1866 6818
1402 5563
3304 5505
1179 7597
2957 9468
3347 9787
1323 6577
1438 6274
1860 6200
4018 6824
300 9939
223 6485
3062 7093
3437 6256
3849 7551
57 8284
157 7194
3057 6467
195 9745
2167 7775
74 6799
48 6775
2353 5503
214 8868
389 5862
2854 7187
284 8661
2449 8494
601 8433
3574 9971
1984 5946
2393 7861
1354 5890
545 8584
46 5521
2795 6760
909 8227
93 6119
4376 6998
2719 5266
4066 7728
4973 8022
1155 6544
3499 9268
3198 8718
734 8853
4746 5434
148 5756
1351 5560
190 8777
650 9136
59 5881
1950 9144
2700 5490
3638 9139
2708 5499
1131 5660
397 5065
2891 5442
4081 5319
4231 7569
4199 6936
2281 8374
401 7771
34 7299
1826 9448
191 6080
4159 8080
240 8161
281 5552
4074 8991
444 5607
1342 7897
512 8781
3999 8421
3402 9398
2463 5746
306 8275
717 6048
3067 6177
4575 8622
3096 9511
3119 8402
3553 5411
83 6356
2782 6379
3915 9465
2621 8920
4213 7651
1258 6979
2959 7114
511 7149
1864 6692
2351 9197
1801 5740
4481 6817
1098 6620
3473 7527
846 9218
780 6584
1724 9200
1192 8281
1072 8796
4389 6038
1940 5465
1834 8572
4800 8398
4214 7639
4574 9063
2256 7981
4362 9229
2717 7787
416 5718
2446 8173
3406 8346
1406 5858
3839 6952
4760 7719
2643 7776
4805 6604
3833 6219
681 7442
1039 6904
4161 9710
1735 8896
261 9292
3711 7848
3622 8954
3843 6548
3647 8162
637 7052
1261 6533
1797 9558
1040 9217
1587 5940
431 7912
341 5792
4837 5658
4913 6955
1001 6051
376 6377
1736 5536
402 8133
4343 6506
1810 5478
264 7361
1701 7730
405 8167
796 8859
1557 6619
4335 7324
1078 9132
3546 5783
468 8563
2872 8606
4468 7360
1761 8469
1486 9569
3891 9224
884 9501
839 8183
1759 5819
2951 6479
575 9370
1535 8922
385 8944
3249 9767
2427 5537
4825 9735
2660 8942
1420 9689
4750 5493
4995 6103
751 6370
2380 7459
1386 9764
85 5129
1693 6698
3659 7095
2538 8719
4180 8770
764 7451
2047 6520
1270 9738
544 8574
3366 6501
1805 7047
1669 7801
1972 8843
1399 9790
3988 9620
2024 6214
691 7494
2867 5535
873 5717
3981 7072
2849 6875
4917 6915
4597 5419
640 8403
236 7668
2092 8257
233 8589
3593 7379
2966 6758
3381 8217
1892 5454
2170 7231
4992 7477
740 9995
4627 8300
3405 7990
296 7903
554 9688
1750 9701
3292 8899
891 7896
1944 7080
826 6596
3968 9624
1498 7045
144 8101
4767 8158
4576 9938
1895 6578
4888 5130
2509 7691
1910 6555
609 6222
2275 8361
1335 6778
3173 9741
50 7621
4144 5729
947 8221
3480 9183
2389 5441
1671 7583
2785 9002
3419 6144
4388 6769
2975 9572
2846 9795
2190 7264
4512 9204
328 7872
1813 6414
707 9943
2105 6734
1020 9196
1841 7121
2035 9213
907 6201
817 5846
132 7857
4189 8417
555 5495
840 6679
4114 7947
2404 5839
3440 8841
2195 9755
1248 8211
1514 5039
2556 5925
1897 5883
1979 7502
1556 5976
568 9691
2929 8255
3710 5206
382 8362
3196 8607
1436 9509
1007 6552
387 7754
1947 5002
4654 8434
2561 8825
2516 7690
207 9394
2815 8831
1717 9879
3818 6472
2201 9946
2412 5669
2274 5279
3831 5227
4529 9423
809 8880
2333 9208
1714 6540
479 5203
4812 8711
1474 5078
3040 9316
4523 8342
2858 8785
2306 8993
4532 8376
3066 7287
854 5807
1309 9985
2173 9607
1800 9768
4648 9697
3376 7343
3456 7816
4060 8931
4009 7184
4599 8114
1127 6988
3869 9544
1830 8291
714 8819
2712 9456
4594 6794
1153 6923
3360 6057
2519 7935
3315 6244
4435 5747
1241 5262
3558 9034
1152 7216
3435 9902
4988 8060
3740 5095
3074 8633
3278 5071
3117 8979
1462 6140
1129 6162
3685 5094
1051 9280
2668 5339
1454 9785
366 7263
2695 9428
237 6840
2682 6898
2005 8243
1799 7851
2194 7721
928 6155
4964 6515
791 7101
2571 5531
2364 7495
2025 7575
4013 6803
1267 6721
1549 6947
107 6882
3735 7036
4274 9329
379 9027
3905 5435
4118 6068
561 5407
86 6422
3856 5363
4328 7213
2843 7938
2406 8001
482 6695
448 7950
4406 6190
1092 6317
4158 7388
390 6660
2866 9510
2132 8927
3746 5808
2906 6502
257 5457
4931 9682
2313 5875
2293 5340
1202 8892
1898 9266
3220 9934
4548 9982
1670 8645
577 6357
4538 9421
1269 8749
1160 6258
2450 8751
3379 6126
3873 8336
3913 6828
1279 9210
4844 7423
1978 7390
1537 9209
242 7363
145 7412
289 6124
4526 5103
1336 5259
1060 6814
1725 7614
2131 7513
3430 8064
340 8941
1680 6507
3855 9638
1052 6939
4057 6451
2177 8385
18 6861
1867 5135
425 5568
133 5148
2044 9557
1774 9711
3629 6143
2511 7634
733 8780
645 8671
411 6802
2409 6921
77 7238
4859 5953
278 8172
4069 5281
267 5134
413 9793
2386 8287
3688 6421
58 9298
3509 9714
1296 8933
953 9597
2675 7707
2871 9605
4559 5711
3966 7549
1 5926
40 6440
4701 7043
2508 6210
592 9929
226 9307
1247 7628
1357 8525
4920 7885
3186 7686
1375 5506
2886 6650
105 8495
1534 6872
4345 7178
2864 9036
455 5391
2048 5812
3123 7828
4052 5741
2272 5239
4755 6013
2269 5393
1134 7764
980 6131
106 7221
4340 9366
2052 9728
4679 5685
2098 9877
4326 8035
1009 6275
454 7937
3837 9751
774 6616
1852 9396
35 5968
5000 6076
2431 9996
3625 8929
2021 6205
1139 8017
4383 6483
1856 9461
4397 6709
925 9096
1220 6004
651 7624
1746 9802
3567 6234
2341 6967
1109 8930
4491 8185
4673 6266
312 7880
906 8567
787 9283
1193 5248
2850 9979
593 9351
1792 7329
95 5064
3296 5551
1861 9202
4279 9371
377 5108
3037 6745
683 8396
776 7767
955 7013
816 9430
1507 9507
802 9716
4856 7860
1006 8512
1289 8451
3032 5879
4017 5237
4473 5892
1957 6338
3011 9056
3952 8608
3668 6376
4375 5640
1286 6935
763 5401
349 7825
1757 8807
478 6418
2212 8721
4823 5008
4640 5852
2933 6959
4776 7436
3814 9560
3248 6547
4957 9612
868 6415
2801 7175
3396 8453
350 8974
998 8153
670 6546
4290 6685
727 7225
90 9021
3950 5859
4053 7168
1541 7333
4941 6678
3243 5610
4237 9722
3098 5772
2153 6516
1262 6791
2128 5508
3773 9725
3056 8260
915 6453
3328 6040
1637 5420
1999 9616
1482 9214
491 8382
615 8107
801 8886
3233 9188
260 8528
2581 7992
1522 6826
1116 9706
4772 8084
279 9206
1689 6196
1352 7465
1201 7158
4813 6681
100 8706
1563 9601
3930 8877
842 9235
1635 5803
813 8649
529 9828
2569 7394
4130 8500
1823 9781
3061 6041
786 7173
2181 7640
613 6784
2781 9807
2215 8289
665 9843
1345 7886
2094 5681
1874 5824
2514 8481
3963 9321
2818 9973
1031 8103
3208 9156
4828 7486
972 9472
2414 5591
1573 6286
894 7603
2619 7836
2927 7511
180 8389
273 9343
3128 7434
2774 9236
1285 8564
295 7920
1815 7961
1934 9192
3751 9380
3153 5602
2320 8643
3163 9473
1256 8775
1553 7437
2472 5866
4385 5872
2435 6521
3443 6035
2250 9825
2140 8703
4623 6288
1691 8292
2265 9414
114 7012
4540 5540
4768 7926
2255 6800
4952 8799
3857 6797
3725 7453
4285 5410
187 6816
1588 5488
4798 9698
14 5603
1340 7215
1916 5043
1374 5654
1346 8212
658 5455
4933 6235
1586 9631
2794 6478
4253 8702
380 5656
2345 5712
3573 6394
3761 5993
2663 6541
2824 9888
2684 9936
965 6104
2618 7971
818 8132
4169 9234
4104 6426
624 7725
4050 9668
1928 8851
4105 6037
4465 8046
1227 6906
4132 5990
452 9935
2314 8151
3977 9783
2122 9477
2741 8197
2868 7875
12 6345
2515 5956
3804 9452
2398 8965
2685 5274
4869 5288
2607 8450
2016 8845
4797 5778
4 9876
3598 5964
4054 8455
4192 5158
607 6498
4046 9258
3742 9954
2525 8008
4277 8928
2336 8812
993 7346
1111 7568
4511 9075
3384 5374
398 6069
2967 6645
589 6154
2716 8709
4443 8855
2376 7680
3467 5486
4276 5162
5 6471
4360 5553
3421 7220
3501 6322
4658 5498
3245 7827
308 6019
3695 8498
1161 7505
2432 8087
2518 9774
1564 6492
2699 8571
1483 6225
3281 9662
2199 9747
3152 7895
4999 7670
4902 5175
230 7251
1376 8296
1902 7535
2713 8241
2990 6600
3958 7692
1050 6443
2908 7843
1698 5021
1197 7882
1435 9773
2102 6756
4071 6402
4142 8040
1135 9383
2666 8925
154 7809
1117 8999
1183 8130
4633 8558
4978 8842
4501 7432
2029 9252
4790 9684
847 7005
1499 7515
4530 6773
1064 6002
1578 5111
2103 5044
3923 7234
4133 5102
3176 9900
2786 5786
588 6770
3291 8317
1173 6991
4470 9270
954 8801
807 8673
788 5682
2585 6292
612 7781
373 8802
4904 8964
2244 7349
2897 6846
3244 5532
417 8240
815 8097
216 9470
730 8795
2499 6680
2287 9528
726 8530
4135 8179
4374 8577
1274 8011
2750 7473
1962 5364
4908 5501
1419 8768
3486 6248
3973 5323
2552 5431
1316 6626
2422 7705
36 6400
824 8766
1455 7648
1321 9433
1632 7916
985 9416
2503 7384
3969 9743
1257 7391
4866 9518
1756 6187
1816 6559
2267 8961
1054 8263
4395 7305
1713 5115
3796 7994
4761 6351
4929 5469
4940 5696
1576 7337
1444 5816
3125 6413
4239 9780
2276 6087
3044 7455
767 7273
2962 9586
594 9390
3290 5738
2839 9099
258 7930
582 7007
514 7615
2210 9531
810 9410
3397 7293
420 8508
3320 6888
2722 7230
2823 7160
3155 9696
1314 8963
2922 9635
4282 8753
2496 6724
243 8053
3267 5987
84 6023
4561 9245
1100 9500
1021 9940
1069 6668
1766 9207
403 7970
1687 7835
2385 5534
1076 5194
2057 9354
4743 9590
3314 8883
3235 5585
869 6743
1200 5832
632 6164
285 8446
4084 8516
912 9567
2667 7811
4143 9813
749 5867
1545 8973
4848 5643
4016 6977
2702 5258
2787 6218
2171 6434
516 7516
2576 9840
902 8548
1292 8272
4090 6299
1770 9174
2296 8834
212 5189
4789 7956
4242 7946
1325 6297
3025 5163
2017 6832
2664 7595
536 6493
1430 7204
1690 5366
2172 7582
2771 6489
2384 9251
484 7008
2452 8650
1963 6514
1093 9076
470 8903
44 9051
4535 8269
3513 6276
2513 8767
694 6901
3802 7383
1599 9336
3667 6542
1618 6344
4208 5268
559 6990
2331 6525
26 9145
3763 8955
790 9178
533 5467
2121 5764
752 5412
330 6895
563 8088
1177 9334
32 8341
3828 8759
3609 8224
3279 6672
1026 7529
4552 8909
2078 5695
319 9953
2873 5205
3370 7666
3887 7988
2826 8969
3234 6193
1478 9665
1589 9232
493 5260
3779 9260
2859 7450
1032 6573
3522 8175
61 8093
2352 6686
1804 8889
3882 9201
990 7218
1912 5169
992 8230
3102 9269
857 5621
3094 8836
503 9602
1901 6844
3432 8365
429 6632
2565 7531
693 6910
1592 6265
3280 6188
2460 5309
1521 9342
3172 8237
2083 6285
11 6999
1884 9053
2476 9000
286 5705
2993 6296
3147 6951
4890 6519
1657 7440
227 7193
867 9723
1523 6180
4095 8542
3687 6819
4935 7316
2532 7092
4416 8443
4968 9619
1278 6776
1326 6531
2497 5179
123 5170
4710 8003
2725 6416
3158 5200
4102 7058
1663 5373
447 7267
3965 9186
3613 9603
4230 5810
1699 8044
3116 7782
1697 5055
2989 6165
608 5394
3159 8213
4042 7201
3027 5616
2145 7195
4372 9282
4094 7697
1283 9455
1997 6949
2558 6941
178 6455
2521 9812
221 7749
1328 7786
3998 7687
3577 8290
1850 9915
1706 7280
1019 6982
210 6843
1726 7461
4002 6569
777 6005
4218 6517
662 6278
2270 6518
3750 7239
4508 8515
4422 7632
2355 6609
617 8870
4162 5821
4392 8321
3657 5267
1718 8372
830 6399
900 8308
3728 8590
2000 8502
2770 5082
268 7936
1061 9629
201 7609
2878 6017
2535 6324
1628 5500
4915 7682
71 5988
4317 5855
572 8977
3004 5042
3924 9378
2343 9129
4691 7622
1038 5998
186 8234
4448 6736
3263 6360
1839 8755
4064 5329
161 7375
2656 8348
247 9375
1218 9179
2803 7155
3357 7270
1678 5330
2591 9945
4793 6185
4607 7015
2189 9609
4109 8656
2923 7784
1501 9809
2302 7723
3224 7039
2745 10000
3476 7352
1927 8388
301 5114
3874 5328
2931 6683
2289 5914
239 5451
1582 7650
4681 7308
4578 6007
2539 5606
769 9763
1437 8951
3375 5706
3146 7539
1798 6754
1162 9459
1821 5716
4612 8072
4187 5193
1611 6404
3358 5376
2262 9687
836 8635
3 9736
3045 7821
1505 7330
4268 7522
861 8186
1387 5843
2455 6862
2226 5312
4972 9594
1470 9059
1228 6987
2116 8787
4027 8283
3560 8425
307 5581
3482 8764
1885 6137
1405 6179
3519 9404
1480 8174
1560 5516
3332 7410
4183 7020
4191 7894
4987 8205
4522 7209
269 9030
2553 5635
675 9791
2229 9882
459 7573
4639 6782
2157 7617
1500 9241
422 8164
1923 7674
746 7626
13 6325
3380 7445
4985 9727
1631 5278
315 6972
3269 5897
4033 9527
3993 6491
393 6368
2069 7219
4391 9497
4921 6699
4393 5833
1903 7294
3811 5460
1411 9155
1187 8683
1946 9458
1146 6208
2119 8027
2137 9095
2038 9591
1055 6024
1115 7842
4238 8676
1377 8698
2317 5671
2568 8690
4740 9889
158 9406
800 5036
3612 6033
799 7602
2988 6764
3076 6780
4605 9660
2280 6865
4085 7881
3005 8689
938 6231
2086 6716
4604 9044
469 5620
1558 7813
1818 6074
1433 9968
3633 7830
3113 7033
1506 8688
2149 9242
1915 9408
4937 9522
2964 9330
1996 9854
1665 9692
3692 6907
4620 7118
4437 8989
1732 9482
4617 5861
4359 7469
1520 9661
2168 9239
2622 8681
4098 8401
4714 9960
